market id,market symbol,market name,trade quantity,trade price,date/time [utc]
758319,ALABAMA.GINGRICH,Newt Gingrich to win the 2012 Alabama Primary,4,51.0,Mar/07/2012 14:23:09
758319,ALABAMA.GINGRICH,Newt Gingrich to win the 2012 Alabama Primary,1,50.9,Mar/07/2012 15:17:38
758319,ALABAMA.GINGRICH,Newt Gingrich to win the 2012 Alabama Primary,1,51.1,Mar/07/2012 15:17:58
758319,ALABAMA.GINGRICH,Newt Gingrich to win the 2012 Alabama Primary,1,51.2,Mar/07/2012 15:25:36
758319,ALABAMA.GINGRICH,Newt Gingrich to win the 2012 Alabama Primary,1,49.0,Mar/07/2012 17:08:34
758319,ALABAMA.GINGRICH,Newt Gingrich to win the 2012 Alabama Primary,1,49.0,Mar/07/2012 17:08:57
758319,ALABAMA.GINGRICH,Newt Gingrich to win the 2012 Alabama Primary,5,40.0,Mar/07/2012 18:22:32
758319,ALABAMA.GINGRICH,Newt Gingrich to win the 2012 Alabama Primary,10,48.0,Mar/07/2012 19:26:03
758319,ALABAMA.GINGRICH,Newt Gingrich to win the 2012 Alabama Primary,1,51.0,Mar/07/2012 19:30:28
758319,ALABAMA.GINGRICH,Newt Gingrich to win the 2012 Alabama Primary,1,50.0,Mar/07/2012 19:30:29
758319,ALABAMA.GINGRICH,Newt Gingrich to win the 2012 Alabama Primary,1,51.0,Mar/07/2012 19:30:33
758319,ALABAMA.GINGRICH,Newt Gingrich to win the 2012 Alabama Primary,2,50.0,Mar/07/2012 19:31:46
758319,ALABAMA.GINGRICH,Newt Gingrich to win the 2012 Alabama Primary,2,50.0,Mar/07/2012 19:33:20
758319,ALABAMA.GINGRICH,Newt Gingrich to win the 2012 Alabama Primary,3,50.0,Mar/07/2012 19:35:15
758319,ALABAMA.GINGRICH,Newt Gingrich to win the 2012 Alabama Primary,2,50.0,Mar/07/2012 19:54:57
758319,ALABAMA.GINGRICH,Newt Gingrich to win the 2012 Alabama Primary,5,50.0,Mar/07/2012 20:17:35
758319,ALABAMA.GINGRICH,Newt Gingrich to win the 2012 Alabama Primary,1,55.0,Mar/07/2012 20:49:44
758319,ALABAMA.GINGRICH,Newt Gingrich to win the 2012 Alabama Primary,5,54.9,Mar/07/2012 20:49:44
758319,ALABAMA.GINGRICH,Newt Gingrich to win the 2012 Alabama Primary,1,51.0,Mar/07/2012 21:02:05
758319,ALABAMA.GINGRICH,Newt Gingrich to win the 2012 Alabama Primary,14,50.0,Mar/07/2012 21:18:55
758319,ALABAMA.GINGRICH,Newt Gingrich to win the 2012 Alabama Primary,1,51.0,Mar/07/2012 21:18:55
758319,ALABAMA.GINGRICH,Newt Gingrich to win the 2012 Alabama Primary,8,50.0,Mar/07/2012 21:31:22
758319,ALABAMA.GINGRICH,Newt Gingrich to win the 2012 Alabama Primary,1,51.0,Mar/07/2012 21:31:22
758319,ALABAMA.GINGRICH,Newt Gingrich to win the 2012 Alabama Primary,1,59.0,Mar/07/2012 22:46:48
758319,ALABAMA.GINGRICH,Newt Gingrich to win the 2012 Alabama Primary,1,53.9,Mar/07/2012 22:56:38
758319,ALABAMA.GINGRICH,Newt Gingrich to win the 2012 Alabama Primary,1,59.0,Mar/07/2012 23:08:34
758319,ALABAMA.GINGRICH,Newt Gingrich to win the 2012 Alabama Primary,15,58.0,Mar/07/2012 23:08:56
758319,ALABAMA.GINGRICH,Newt Gingrich to win the 2012 Alabama Primary,1,58.0,Mar/07/2012 23:19:59
758319,ALABAMA.GINGRICH,Newt Gingrich to win the 2012 Alabama Primary,3,58.0,Mar/07/2012 23:31:59
758319,ALABAMA.GINGRICH,Newt Gingrich to win the 2012 Alabama Primary,1,58.1,Mar/07/2012 23:32:59
758319,ALABAMA.GINGRICH,Newt Gingrich to win the 2012 Alabama Primary,1,58.0,Mar/07/2012 23:57:23
758319,ALABAMA.GINGRICH,Newt Gingrich to win the 2012 Alabama Primary,1,58.1,Mar/07/2012 23:57:23
758319,ALABAMA.GINGRICH,Newt Gingrich to win the 2012 Alabama Primary,7,59.0,Mar/08/2012 00:03:43
758319,ALABAMA.GINGRICH,Newt Gingrich to win the 2012 Alabama Primary,5,57.5,Mar/08/2012 00:42:00
758319,ALABAMA.GINGRICH,Newt Gingrich to win the 2012 Alabama Primary,1,60.0,Mar/08/2012 00:59:20
758319,ALABAMA.GINGRICH,Newt Gingrich to win the 2012 Alabama Primary,3,65.0,Mar/08/2012 00:59:34
758319,ALABAMA.GINGRICH,Newt Gingrich to win the 2012 Alabama Primary,1,65.0,Mar/08/2012 00:59:49
758319,ALABAMA.GINGRICH,Newt Gingrich to win the 2012 Alabama Primary,3,53.0,Mar/08/2012 01:05:41
758319,ALABAMA.GINGRICH,Newt Gingrich to win the 2012 Alabama Primary,1,52.0,Mar/08/2012 01:06:01
758319,ALABAMA.GINGRICH,Newt Gingrich to win the 2012 Alabama Primary,5,51.0,Mar/08/2012 01:06:42
758319,ALABAMA.GINGRICH,Newt Gingrich to win the 2012 Alabama Primary,2,51.0,Mar/08/2012 01:09:40
758319,ALABAMA.GINGRICH,Newt Gingrich to win the 2012 Alabama Primary,1,60.0,Mar/08/2012 01:17:10
758319,ALABAMA.GINGRICH,Newt Gingrich to win the 2012 Alabama Primary,1,59.0,Mar/08/2012 01:29:40
758319,ALABAMA.GINGRICH,Newt Gingrich to win the 2012 Alabama Primary,2,52.0,Mar/08/2012 01:33:37
758319,ALABAMA.GINGRICH,Newt Gingrich to win the 2012 Alabama Primary,5,59.5,Mar/08/2012 01:38:54
758319,ALABAMA.GINGRICH,Newt Gingrich to win the 2012 Alabama Primary,1,59.0,Mar/08/2012 01:38:54
758319,ALABAMA.GINGRICH,Newt Gingrich to win the 2012 Alabama Primary,8,57.0,Mar/08/2012 01:38:54
758319,ALABAMA.GINGRICH,Newt Gingrich to win the 2012 Alabama Primary,2,56.0,Mar/08/2012 01:38:54
758319,ALABAMA.GINGRICH,Newt Gingrich to win the 2012 Alabama Primary,2,52.0,Mar/08/2012 01:46:05
758319,ALABAMA.GINGRICH,Newt Gingrich to win the 2012 Alabama Primary,1,52.0,Mar/08/2012 01:48:05
758319,ALABAMA.GINGRICH,Newt Gingrich to win the 2012 Alabama Primary,3,51.0,Mar/08/2012 01:50:06
758319,ALABAMA.GINGRICH,Newt Gingrich to win the 2012 Alabama Primary,2,58.0,Mar/08/2012 02:45:48
758319,ALABAMA.GINGRICH,Newt Gingrich to win the 2012 Alabama Primary,2,57.0,Mar/08/2012 02:45:48
758319,ALABAMA.GINGRICH,Newt Gingrich to win the 2012 Alabama Primary,1,50.3,Mar/08/2012 02:53:40
758319,ALABAMA.GINGRICH,Newt Gingrich to win the 2012 Alabama Primary,3,50.0,Mar/08/2012 03:09:14
758319,ALABAMA.GINGRICH,Newt Gingrich to win the 2012 Alabama Primary,1,50.1,Mar/08/2012 03:09:14
758319,ALABAMA.GINGRICH,Newt Gingrich to win the 2012 Alabama Primary,1,50.2,Mar/08/2012 03:09:14
758319,ALABAMA.GINGRICH,Newt Gingrich to win the 2012 Alabama Primary,5,51.0,Mar/08/2012 03:09:14
758319,ALABAMA.GINGRICH,Newt Gingrich to win the 2012 Alabama Primary,25,50.0,Mar/08/2012 04:15:09
758319,ALABAMA.GINGRICH,Newt Gingrich to win the 2012 Alabama Primary,3,50.0,Mar/08/2012 04:15:09
758319,ALABAMA.GINGRICH,Newt Gingrich to win the 2012 Alabama Primary,20,50.5,Mar/08/2012 05:05:25
758319,ALABAMA.GINGRICH,Newt Gingrich to win the 2012 Alabama Primary,1,50.0,Mar/08/2012 05:12:06
758319,ALABAMA.GINGRICH,Newt Gingrich to win the 2012 Alabama Primary,2,54.0,Mar/08/2012 05:33:25
758319,ALABAMA.GINGRICH,Newt Gingrich to win the 2012 Alabama Primary,5,54.5,Mar/08/2012 05:33:25
758319,ALABAMA.GINGRICH,Newt Gingrich to win the 2012 Alabama Primary,22,50.0,Mar/08/2012 05:40:24
758319,ALABAMA.GINGRICH,Newt Gingrich to win the 2012 Alabama Primary,29,50.5,Mar/08/2012 05:55:03
758319,ALABAMA.GINGRICH,Newt Gingrich to win the 2012 Alabama Primary,3,50.6,Mar/08/2012 06:16:45
758319,ALABAMA.GINGRICH,Newt Gingrich to win the 2012 Alabama Primary,1,46.0,Mar/08/2012 06:53:18
758319,ALABAMA.GINGRICH,Newt Gingrich to win the 2012 Alabama Primary,25,50.0,Mar/08/2012 07:00:09
758319,ALABAMA.GINGRICH,Newt Gingrich to win the 2012 Alabama Primary,22,50.0,Mar/08/2012 07:00:50
758319,ALABAMA.GINGRICH,Newt Gingrich to win the 2012 Alabama Primary,28,50.0,Mar/08/2012 07:01:10
758319,ALABAMA.GINGRICH,Newt Gingrich to win the 2012 Alabama Primary,50,50.0,Mar/08/2012 07:01:58
758319,ALABAMA.GINGRICH,Newt Gingrich to win the 2012 Alabama Primary,28,49.9,Mar/08/2012 07:03:06
758319,ALABAMA.GINGRICH,Newt Gingrich to win the 2012 Alabama Primary,72,50.0,Mar/08/2012 07:03:46
758319,ALABAMA.GINGRICH,Newt Gingrich to win the 2012 Alabama Primary,50,50.0,Mar/08/2012 07:04:39
758319,ALABAMA.GINGRICH,Newt Gingrich to win the 2012 Alabama Primary,50,50.0,Mar/08/2012 07:07:05
758319,ALABAMA.GINGRICH,Newt Gingrich to win the 2012 Alabama Primary,50,50.0,Mar/08/2012 07:10:04
758319,ALABAMA.GINGRICH,Newt Gingrich to win the 2012 Alabama Primary,77,50.9,Mar/08/2012 07:10:24
758319,ALABAMA.GINGRICH,Newt Gingrich to win the 2012 Alabama Primary,23,51.0,Mar/08/2012 07:11:45
758319,ALABAMA.GINGRICH,Newt Gingrich to win the 2012 Alabama Primary,50,50.0,Mar/08/2012 07:15:10
758319,ALABAMA.GINGRICH,Newt Gingrich to win the 2012 Alabama Primary,50,50.0,Mar/08/2012 07:39:13
758319,ALABAMA.GINGRICH,Newt Gingrich to win the 2012 Alabama Primary,17,50.0,Mar/08/2012 07:46:19
758319,ALABAMA.GINGRICH,Newt Gingrich to win the 2012 Alabama Primary,25,50.0,Mar/08/2012 07:52:54
758319,ALABAMA.GINGRICH,Newt Gingrich to win the 2012 Alabama Primary,3,50.0,Mar/08/2012 08:30:53
758319,ALABAMA.GINGRICH,Newt Gingrich to win the 2012 Alabama Primary,25,50.0,Mar/08/2012 08:30:53
758319,ALABAMA.GINGRICH,Newt Gingrich to win the 2012 Alabama Primary,1,45.1,Mar/08/2012 08:33:54
758319,ALABAMA.GINGRICH,Newt Gingrich to win the 2012 Alabama Primary,1,40.1,Mar/08/2012 08:41:19
758319,ALABAMA.GINGRICH,Newt Gingrich to win the 2012 Alabama Primary,25,40.0,Mar/08/2012 08:42:31
758319,ALABAMA.GINGRICH,Newt Gingrich to win the 2012 Alabama Primary,21,35.0,Mar/08/2012 09:24:09
758319,ALABAMA.GINGRICH,Newt Gingrich to win the 2012 Alabama Primary,9,35.0,Mar/08/2012 10:01:12
758319,ALABAMA.GINGRICH,Newt Gingrich to win the 2012 Alabama Primary,10,35.5,Mar/08/2012 10:01:12
758319,ALABAMA.GINGRICH,Newt Gingrich to win the 2012 Alabama Primary,1,40.0,Mar/08/2012 10:04:20
758319,ALABAMA.GINGRICH,Newt Gingrich to win the 2012 Alabama Primary,4,40.0,Mar/08/2012 10:06:26
758319,ALABAMA.GINGRICH,Newt Gingrich to win the 2012 Alabama Primary,46,40.0,Mar/08/2012 10:06:39
758319,ALABAMA.GINGRICH,Newt Gingrich to win the 2012 Alabama Primary,25,40.0,Mar/08/2012 10:09:51
758319,ALABAMA.GINGRICH,Newt Gingrich to win the 2012 Alabama Primary,25,40.0,Mar/08/2012 10:11:10
758319,ALABAMA.GINGRICH,Newt Gingrich to win the 2012 Alabama Primary,70,42.1,Mar/08/2012 10:28:14
758319,ALABAMA.GINGRICH,Newt Gingrich to win the 2012 Alabama Primary,10,40.0,Mar/08/2012 10:28:44
758319,ALABAMA.GINGRICH,Newt Gingrich to win the 2012 Alabama Primary,9,42.1,Mar/08/2012 10:49:41
758319,ALABAMA.GINGRICH,Newt Gingrich to win the 2012 Alabama Primary,11,40.0,Mar/08/2012 10:50:04
758319,ALABAMA.GINGRICH,Newt Gingrich to win the 2012 Alabama Primary,4,40.0,Mar/08/2012 11:57:43
758319,ALABAMA.GINGRICH,Newt Gingrich to win the 2012 Alabama Primary,1,35.0,Mar/08/2012 13:27:01
758319,ALABAMA.GINGRICH,Newt Gingrich to win the 2012 Alabama Primary,1,35.0,Mar/08/2012 13:38:10
758319,ALABAMA.GINGRICH,Newt Gingrich to win the 2012 Alabama Primary,1,35.1,Mar/08/2012 13:38:10
758319,ALABAMA.GINGRICH,Newt Gingrich to win the 2012 Alabama Primary,1,41.8,Mar/08/2012 13:39:44
758319,ALABAMA.GINGRICH,Newt Gingrich to win the 2012 Alabama Primary,1,35.0,Mar/08/2012 13:44:40
758319,ALABAMA.GINGRICH,Newt Gingrich to win the 2012 Alabama Primary,1,35.0,Mar/08/2012 13:46:55
758319,ALABAMA.GINGRICH,Newt Gingrich to win the 2012 Alabama Primary,10,34.0,Mar/08/2012 13:48:58
758319,ALABAMA.GINGRICH,Newt Gingrich to win the 2012 Alabama Primary,21,35.0,Mar/08/2012 13:48:58
758319,ALABAMA.GINGRICH,Newt Gingrich to win the 2012 Alabama Primary,1,30.0,Mar/08/2012 13:51:09
758319,ALABAMA.GINGRICH,Newt Gingrich to win the 2012 Alabama Primary,24,30.0,Mar/08/2012 14:07:36
758319,ALABAMA.GINGRICH,Newt Gingrich to win the 2012 Alabama Primary,25,26.0,Mar/08/2012 14:20:54
758319,ALABAMA.GINGRICH,Newt Gingrich to win the 2012 Alabama Primary,15,21.0,Mar/08/2012 14:44:22
758319,ALABAMA.GINGRICH,Newt Gingrich to win the 2012 Alabama Primary,5,33.0,Mar/08/2012 14:47:02
758319,ALABAMA.GINGRICH,Newt Gingrich to win the 2012 Alabama Primary,5,25.0,Mar/08/2012 14:47:13
758319,ALABAMA.GINGRICH,Newt Gingrich to win the 2012 Alabama Primary,5,33.0,Mar/08/2012 14:47:24
758319,ALABAMA.GINGRICH,Newt Gingrich to win the 2012 Alabama Primary,5,25.0,Mar/08/2012 14:48:35
758319,ALABAMA.GINGRICH,Newt Gingrich to win the 2012 Alabama Primary,5,25.0,Mar/08/2012 14:48:56
758319,ALABAMA.GINGRICH,Newt Gingrich to win the 2012 Alabama Primary,10,25.0,Mar/08/2012 14:50:06
758319,ALABAMA.GINGRICH,Newt Gingrich to win the 2012 Alabama Primary,10,25.0,Mar/08/2012 14:50:26
758319,ALABAMA.GINGRICH,Newt Gingrich to win the 2012 Alabama Primary,10,33.0,Mar/08/2012 14:52:28
758319,ALABAMA.GINGRICH,Newt Gingrich to win the 2012 Alabama Primary,10,25.0,Mar/08/2012 14:53:24
758319,ALABAMA.GINGRICH,Newt Gingrich to win the 2012 Alabama Primary,10,25.0,Mar/08/2012 14:53:55
758319,ALABAMA.GINGRICH,Newt Gingrich to win the 2012 Alabama Primary,10,25.0,Mar/08/2012 14:58:17
758319,ALABAMA.GINGRICH,Newt Gingrich to win the 2012 Alabama Primary,10,25.0,Mar/08/2012 14:58:38
758319,ALABAMA.GINGRICH,Newt Gingrich to win the 2012 Alabama Primary,10,25.0,Mar/08/2012 14:58:53
758319,ALABAMA.GINGRICH,Newt Gingrich to win the 2012 Alabama Primary,1,25.0,Mar/08/2012 15:01:28
758319,ALABAMA.GINGRICH,Newt Gingrich to win the 2012 Alabama Primary,4,25.0,Mar/08/2012 15:02:21
758319,ALABAMA.GINGRICH,Newt Gingrich to win the 2012 Alabama Primary,5,25.0,Mar/08/2012 15:02:21
758319,ALABAMA.GINGRICH,Newt Gingrich to win the 2012 Alabama Primary,1,25.0,Mar/08/2012 15:02:35
758319,ALABAMA.GINGRICH,Newt Gingrich to win the 2012 Alabama Primary,10,29.0,Mar/08/2012 15:05:43
758319,ALABAMA.GINGRICH,Newt Gingrich to win the 2012 Alabama Primary,9,29.0,Mar/08/2012 15:05:52
758319,ALABAMA.GINGRICH,Newt Gingrich to win the 2012 Alabama Primary,1,29.0,Mar/08/2012 15:06:10
758319,ALABAMA.GINGRICH,Newt Gingrich to win the 2012 Alabama Primary,5,29.0,Mar/08/2012 15:06:10
758319,ALABAMA.GINGRICH,Newt Gingrich to win the 2012 Alabama Primary,19,29.0,Mar/08/2012 15:06:24
758319,ALABAMA.GINGRICH,Newt Gingrich to win the 2012 Alabama Primary,25,29.0,Mar/08/2012 15:07:30
758319,ALABAMA.GINGRICH,Newt Gingrich to win the 2012 Alabama Primary,1,25.0,Mar/08/2012 15:09:50
758319,ALABAMA.GINGRICH,Newt Gingrich to win the 2012 Alabama Primary,24,25.0,Mar/08/2012 15:12:00
758319,ALABAMA.GINGRICH,Newt Gingrich to win the 2012 Alabama Primary,1,25.0,Mar/08/2012 15:13:48
758319,ALABAMA.GINGRICH,Newt Gingrich to win the 2012 Alabama Primary,5,25.0,Mar/08/2012 15:14:50
758319,ALABAMA.GINGRICH,Newt Gingrich to win the 2012 Alabama Primary,4,21.0,Mar/08/2012 15:16:03
758319,ALABAMA.GINGRICH,Newt Gingrich to win the 2012 Alabama Primary,1,24.0,Mar/08/2012 15:16:03
758319,ALABAMA.GINGRICH,Newt Gingrich to win the 2012 Alabama Primary,9,25.0,Mar/08/2012 15:17:23
758319,ALABAMA.GINGRICH,Newt Gingrich to win the 2012 Alabama Primary,9,25.0,Mar/08/2012 15:17:52
758319,ALABAMA.GINGRICH,Newt Gingrich to win the 2012 Alabama Primary,1,25.0,Mar/08/2012 15:18:20
758319,ALABAMA.GINGRICH,Newt Gingrich to win the 2012 Alabama Primary,25,25.0,Mar/08/2012 15:18:20
758319,ALABAMA.GINGRICH,Newt Gingrich to win the 2012 Alabama Primary,4,25.0,Mar/08/2012 15:18:52
758319,ALABAMA.GINGRICH,Newt Gingrich to win the 2012 Alabama Primary,2,25.0,Mar/08/2012 15:19:04
758319,ALABAMA.GINGRICH,Newt Gingrich to win the 2012 Alabama Primary,19,25.0,Mar/08/2012 15:19:04
758319,ALABAMA.GINGRICH,Newt Gingrich to win the 2012 Alabama Primary,1,21.0,Mar/08/2012 15:19:45
758319,ALABAMA.GINGRICH,Newt Gingrich to win the 2012 Alabama Primary,1,25.0,Mar/08/2012 15:23:54
758319,ALABAMA.GINGRICH,Newt Gingrich to win the 2012 Alabama Primary,9,25.0,Mar/08/2012 15:24:06
758319,ALABAMA.GINGRICH,Newt Gingrich to win the 2012 Alabama Primary,8,20.0,Mar/08/2012 15:24:32
758319,ALABAMA.GINGRICH,Newt Gingrich to win the 2012 Alabama Primary,6,25.0,Mar/08/2012 15:24:56
758319,ALABAMA.GINGRICH,Newt Gingrich to win the 2012 Alabama Primary,1,25.0,Mar/08/2012 15:24:57
758319,ALABAMA.GINGRICH,Newt Gingrich to win the 2012 Alabama Primary,1,25.0,Mar/08/2012 15:25:05
758319,ALABAMA.GINGRICH,Newt Gingrich to win the 2012 Alabama Primary,17,25.0,Mar/08/2012 15:25:12
758319,ALABAMA.GINGRICH,Newt Gingrich to win the 2012 Alabama Primary,1,20.0,Mar/08/2012 15:25:56
758319,ALABAMA.GINGRICH,Newt Gingrich to win the 2012 Alabama Primary,7,20.0,Mar/08/2012 15:27:16
758319,ALABAMA.GINGRICH,Newt Gingrich to win the 2012 Alabama Primary,14,24.9,Mar/08/2012 15:35:18
758319,ALABAMA.GINGRICH,Newt Gingrich to win the 2012 Alabama Primary,1,20.1,Mar/08/2012 15:37:53
758319,ALABAMA.GINGRICH,Newt Gingrich to win the 2012 Alabama Primary,10,20.0,Mar/08/2012 15:38:24
758319,ALABAMA.GINGRICH,Newt Gingrich to win the 2012 Alabama Primary,8,20.0,Mar/08/2012 15:38:55
758319,ALABAMA.GINGRICH,Newt Gingrich to win the 2012 Alabama Primary,3,25.0,Mar/08/2012 15:39:59
758319,ALABAMA.GINGRICH,Newt Gingrich to win the 2012 Alabama Primary,11,25.0,Mar/08/2012 15:39:59
758319,ALABAMA.GINGRICH,Newt Gingrich to win the 2012 Alabama Primary,1,24.9,Mar/08/2012 15:39:59
758319,ALABAMA.GINGRICH,Newt Gingrich to win the 2012 Alabama Primary,10,25.0,Mar/08/2012 15:40:06
758319,ALABAMA.GINGRICH,Newt Gingrich to win the 2012 Alabama Primary,17,25.0,Mar/08/2012 15:46:31
758319,ALABAMA.GINGRICH,Newt Gingrich to win the 2012 Alabama Primary,1,20.0,Mar/08/2012 15:46:52
758319,ALABAMA.GINGRICH,Newt Gingrich to win the 2012 Alabama Primary,3,25.0,Mar/08/2012 15:49:01
758319,ALABAMA.GINGRICH,Newt Gingrich to win the 2012 Alabama Primary,21,25.0,Mar/08/2012 15:49:18
758319,ALABAMA.GINGRICH,Newt Gingrich to win the 2012 Alabama Primary,9,25.0,Mar/08/2012 15:53:57
758319,ALABAMA.GINGRICH,Newt Gingrich to win the 2012 Alabama Primary,11,25.0,Mar/08/2012 16:04:59
758319,ALABAMA.GINGRICH,Newt Gingrich to win the 2012 Alabama Primary,1,25.1,Mar/08/2012 16:06:25
758319,ALABAMA.GINGRICH,Newt Gingrich to win the 2012 Alabama Primary,4,25.0,Mar/08/2012 16:07:01
758319,ALABAMA.GINGRICH,Newt Gingrich to win the 2012 Alabama Primary,1,25.1,Mar/08/2012 16:07:01
758319,ALABAMA.GINGRICH,Newt Gingrich to win the 2012 Alabama Primary,1,25.0,Mar/08/2012 16:07:31
758319,ALABAMA.GINGRICH,Newt Gingrich to win the 2012 Alabama Primary,1,26.6,Mar/08/2012 16:18:28
758319,ALABAMA.GINGRICH,Newt Gingrich to win the 2012 Alabama Primary,1,26.8,Mar/08/2012 16:18:37
758319,ALABAMA.GINGRICH,Newt Gingrich to win the 2012 Alabama Primary,1,21.0,Mar/08/2012 16:20:30
758319,ALABAMA.GINGRICH,Newt Gingrich to win the 2012 Alabama Primary,1,26.8,Mar/08/2012 16:23:14
758319,ALABAMA.GINGRICH,Newt Gingrich to win the 2012 Alabama Primary,1,25.0,Mar/08/2012 16:30:27
758319,ALABAMA.GINGRICH,Newt Gingrich to win the 2012 Alabama Primary,1,21.1,Mar/08/2012 16:34:01
758319,ALABAMA.GINGRICH,Newt Gingrich to win the 2012 Alabama Primary,6,21.0,Mar/08/2012 16:34:01
758319,ALABAMA.GINGRICH,Newt Gingrich to win the 2012 Alabama Primary,1,26.8,Mar/08/2012 16:36:48
758319,ALABAMA.GINGRICH,Newt Gingrich to win the 2012 Alabama Primary,1,21.0,Mar/08/2012 16:44:20
758319,ALABAMA.GINGRICH,Newt Gingrich to win the 2012 Alabama Primary,1,26.8,Mar/08/2012 16:49:12
758319,ALABAMA.GINGRICH,Newt Gingrich to win the 2012 Alabama Primary,49,20.0,Mar/08/2012 17:16:49
758319,ALABAMA.GINGRICH,Newt Gingrich to win the 2012 Alabama Primary,1,20.0,Mar/08/2012 17:16:49
758319,ALABAMA.GINGRICH,Newt Gingrich to win the 2012 Alabama Primary,17,21.0,Mar/08/2012 17:16:49
758319,ALABAMA.GINGRICH,Newt Gingrich to win the 2012 Alabama Primary,25,20.5,Mar/08/2012 17:16:49
758319,ALABAMA.GINGRICH,Newt Gingrich to win the 2012 Alabama Primary,8,20.0,Mar/08/2012 17:34:56
758319,ALABAMA.GINGRICH,Newt Gingrich to win the 2012 Alabama Primary,3,20.3,Mar/08/2012 18:01:54
758319,ALABAMA.GINGRICH,Newt Gingrich to win the 2012 Alabama Primary,10,20.3,Mar/08/2012 18:02:44
758319,ALABAMA.GINGRICH,Newt Gingrich to win the 2012 Alabama Primary,2,20.5,Mar/08/2012 18:04:55
758319,ALABAMA.GINGRICH,Newt Gingrich to win the 2012 Alabama Primary,8,20.5,Mar/08/2012 18:09:02
758319,ALABAMA.GINGRICH,Newt Gingrich to win the 2012 Alabama Primary,2,20.5,Mar/08/2012 18:09:34
758319,ALABAMA.GINGRICH,Newt Gingrich to win the 2012 Alabama Primary,3,20.5,Mar/08/2012 18:21:44
758319,ALABAMA.GINGRICH,Newt Gingrich to win the 2012 Alabama Primary,2,20.5,Mar/08/2012 18:24:55
758319,ALABAMA.GINGRICH,Newt Gingrich to win the 2012 Alabama Primary,18,20.5,Mar/08/2012 18:24:55
758319,ALABAMA.GINGRICH,Newt Gingrich to win the 2012 Alabama Primary,3,20.0,Mar/08/2012 18:31:34
758319,ALABAMA.GINGRICH,Newt Gingrich to win the 2012 Alabama Primary,5,20.5,Mar/08/2012 18:50:26
758319,ALABAMA.GINGRICH,Newt Gingrich to win the 2012 Alabama Primary,5,20.5,Mar/08/2012 18:50:37
758319,ALABAMA.GINGRICH,Newt Gingrich to win the 2012 Alabama Primary,9,20.0,Mar/08/2012 18:53:30
758319,ALABAMA.GINGRICH,Newt Gingrich to win the 2012 Alabama Primary,15,20.5,Mar/08/2012 18:53:30
758319,ALABAMA.GINGRICH,Newt Gingrich to win the 2012 Alabama Primary,38,20.0,Mar/08/2012 18:54:51
758319,ALABAMA.GINGRICH,Newt Gingrich to win the 2012 Alabama Primary,22,20.0,Mar/08/2012 18:54:51
758319,ALABAMA.GINGRICH,Newt Gingrich to win the 2012 Alabama Primary,14,17.0,Mar/08/2012 18:56:22
758319,ALABAMA.GINGRICH,Newt Gingrich to win the 2012 Alabama Primary,3,20.0,Mar/08/2012 18:56:22
758319,ALABAMA.GINGRICH,Newt Gingrich to win the 2012 Alabama Primary,11,17.0,Mar/08/2012 18:56:52
758319,ALABAMA.GINGRICH,Newt Gingrich to win the 2012 Alabama Primary,1,17.1,Mar/08/2012 18:56:52
758319,ALABAMA.GINGRICH,Newt Gingrich to win the 2012 Alabama Primary,10,15.0,Mar/08/2012 18:57:22
758319,ALABAMA.GINGRICH,Newt Gingrich to win the 2012 Alabama Primary,10,15.0,Mar/08/2012 18:57:22
758319,ALABAMA.GINGRICH,Newt Gingrich to win the 2012 Alabama Primary,15,15.0,Mar/08/2012 18:57:42
758319,ALABAMA.GINGRICH,Newt Gingrich to win the 2012 Alabama Primary,1,15.1,Mar/08/2012 18:57:42
758319,ALABAMA.GINGRICH,Newt Gingrich to win the 2012 Alabama Primary,34,15.0,Mar/08/2012 19:23:10
758319,ALABAMA.GINGRICH,Newt Gingrich to win the 2012 Alabama Primary,15,15.0,Mar/08/2012 19:32:32
758319,ALABAMA.GINGRICH,Newt Gingrich to win the 2012 Alabama Primary,1,15.1,Mar/08/2012 19:32:32
758319,ALABAMA.GINGRICH,Newt Gingrich to win the 2012 Alabama Primary,1,15.0,Mar/08/2012 19:33:27
758319,ALABAMA.GINGRICH,Newt Gingrich to win the 2012 Alabama Primary,29,15.0,Mar/08/2012 19:33:27
758319,ALABAMA.GINGRICH,Newt Gingrich to win the 2012 Alabama Primary,3,18.0,Mar/08/2012 19:52:14
758319,ALABAMA.GINGRICH,Newt Gingrich to win the 2012 Alabama Primary,46,20.0,Mar/08/2012 19:55:01
758319,ALABAMA.GINGRICH,Newt Gingrich to win the 2012 Alabama Primary,4,18.0,Mar/08/2012 20:00:22
758319,ALABAMA.GINGRICH,Newt Gingrich to win the 2012 Alabama Primary,1,19.0,Mar/08/2012 20:00:22
758319,ALABAMA.GINGRICH,Newt Gingrich to win the 2012 Alabama Primary,7,18.0,Mar/08/2012 20:03:51
758319,ALABAMA.GINGRICH,Newt Gingrich to win the 2012 Alabama Primary,50,20.0,Mar/08/2012 20:08:04
758319,ALABAMA.GINGRICH,Newt Gingrich to win the 2012 Alabama Primary,50,20.0,Mar/08/2012 20:08:37
758319,ALABAMA.GINGRICH,Newt Gingrich to win the 2012 Alabama Primary,15,20.0,Mar/08/2012 20:10:01
758319,ALABAMA.GINGRICH,Newt Gingrich to win the 2012 Alabama Primary,1,21.4,Mar/08/2012 20:18:16
758319,ALABAMA.GINGRICH,Newt Gingrich to win the 2012 Alabama Primary,1,21.5,Mar/08/2012 20:18:32
758319,ALABAMA.GINGRICH,Newt Gingrich to win the 2012 Alabama Primary,1,20.1,Mar/08/2012 20:19:49
758319,ALABAMA.GINGRICH,Newt Gingrich to win the 2012 Alabama Primary,1,20.2,Mar/08/2012 20:19:49
758319,ALABAMA.GINGRICH,Newt Gingrich to win the 2012 Alabama Primary,1,20.0,Mar/08/2012 20:21:51
758319,ALABAMA.GINGRICH,Newt Gingrich to win the 2012 Alabama Primary,2,20.1,Mar/08/2012 20:21:51
758319,ALABAMA.GINGRICH,Newt Gingrich to win the 2012 Alabama Primary,5,20.6,Mar/08/2012 20:26:54
758319,ALABAMA.GINGRICH,Newt Gingrich to win the 2012 Alabama Primary,2,20.5,Mar/08/2012 20:27:11
758319,ALABAMA.GINGRICH,Newt Gingrich to win the 2012 Alabama Primary,2,20.5,Mar/08/2012 20:33:02
758319,ALABAMA.GINGRICH,Newt Gingrich to win the 2012 Alabama Primary,5,20.5,Mar/08/2012 20:41:14
758319,ALABAMA.GINGRICH,Newt Gingrich to win the 2012 Alabama Primary,24,22.0,Mar/08/2012 20:48:30
758319,ALABAMA.GINGRICH,Newt Gingrich to win the 2012 Alabama Primary,41,23.9,Mar/08/2012 20:51:00
758319,ALABAMA.GINGRICH,Newt Gingrich to win the 2012 Alabama Primary,1,23.8,Mar/08/2012 20:51:00
758319,ALABAMA.GINGRICH,Newt Gingrich to win the 2012 Alabama Primary,3,23.0,Mar/08/2012 20:51:00
758319,ALABAMA.GINGRICH,Newt Gingrich to win the 2012 Alabama Primary,10,24.0,Mar/08/2012 20:51:13
758319,ALABAMA.GINGRICH,Newt Gingrich to win the 2012 Alabama Primary,4,21.0,Mar/08/2012 20:58:21
758319,ALABAMA.GINGRICH,Newt Gingrich to win the 2012 Alabama Primary,5,21.0,Mar/08/2012 20:58:30
758319,ALABAMA.GINGRICH,Newt Gingrich to win the 2012 Alabama Primary,1,21.0,Mar/08/2012 20:59:31
758319,ALABAMA.GINGRICH,Newt Gingrich to win the 2012 Alabama Primary,2,21.0,Mar/08/2012 21:04:50
758319,ALABAMA.GINGRICH,Newt Gingrich to win the 2012 Alabama Primary,2,21.0,Mar/08/2012 21:08:29
758319,ALABAMA.GINGRICH,Newt Gingrich to win the 2012 Alabama Primary,4,21.0,Mar/08/2012 21:15:59
758319,ALABAMA.GINGRICH,Newt Gingrich to win the 2012 Alabama Primary,3,32.0,Mar/08/2012 21:15:59
758319,ALABAMA.GINGRICH,Newt Gingrich to win the 2012 Alabama Primary,4,21.0,Mar/08/2012 21:21:59
758319,ALABAMA.GINGRICH,Newt Gingrich to win the 2012 Alabama Primary,8,21.0,Mar/08/2012 21:25:09
758319,ALABAMA.GINGRICH,Newt Gingrich to win the 2012 Alabama Primary,11,20.5,Mar/08/2012 21:27:20
758319,ALABAMA.GINGRICH,Newt Gingrich to win the 2012 Alabama Primary,50,20.0,Mar/08/2012 21:28:21
758319,ALABAMA.GINGRICH,Newt Gingrich to win the 2012 Alabama Primary,4,17.6,Mar/08/2012 21:30:32
758319,ALABAMA.GINGRICH,Newt Gingrich to win the 2012 Alabama Primary,25,17.5,Mar/08/2012 21:31:03
758319,ALABAMA.GINGRICH,Newt Gingrich to win the 2012 Alabama Primary,3,20.0,Mar/08/2012 21:50:45
758319,ALABAMA.GINGRICH,Newt Gingrich to win the 2012 Alabama Primary,8,20.0,Mar/08/2012 21:52:16
758319,ALABAMA.GINGRICH,Newt Gingrich to win the 2012 Alabama Primary,14,20.0,Mar/08/2012 21:53:07
758319,ALABAMA.GINGRICH,Newt Gingrich to win the 2012 Alabama Primary,1,22.9,Mar/08/2012 21:54:46
758319,ALABAMA.GINGRICH,Newt Gingrich to win the 2012 Alabama Primary,25,17.0,Mar/08/2012 21:55:07
758319,ALABAMA.GINGRICH,Newt Gingrich to win the 2012 Alabama Primary,1,22.0,Mar/08/2012 22:04:22
758319,ALABAMA.GINGRICH,Newt Gingrich to win the 2012 Alabama Primary,2,20.0,Mar/08/2012 22:04:50
758319,ALABAMA.GINGRICH,Newt Gingrich to win the 2012 Alabama Primary,9,20.0,Mar/08/2012 22:07:16
758319,ALABAMA.GINGRICH,Newt Gingrich to win the 2012 Alabama Primary,15,21.0,Mar/08/2012 22:14:16
758319,ALABAMA.GINGRICH,Newt Gingrich to win the 2012 Alabama Primary,1,20.0,Mar/08/2012 22:16:43
758319,ALABAMA.GINGRICH,Newt Gingrich to win the 2012 Alabama Primary,8,20.0,Mar/08/2012 22:18:30
758319,ALABAMA.GINGRICH,Newt Gingrich to win the 2012 Alabama Primary,10,22.0,Mar/08/2012 22:19:39
758319,ALABAMA.GINGRICH,Newt Gingrich to win the 2012 Alabama Primary,1,22.8,Mar/08/2012 22:21:42
758319,ALABAMA.GINGRICH,Newt Gingrich to win the 2012 Alabama Primary,1,22.8,Mar/08/2012 22:21:42
758319,ALABAMA.GINGRICH,Newt Gingrich to win the 2012 Alabama Primary,2,22.9,Mar/08/2012 22:22:54
758319,ALABAMA.GINGRICH,Newt Gingrich to win the 2012 Alabama Primary,4,20.0,Mar/08/2012 22:27:22
758319,ALABAMA.GINGRICH,Newt Gingrich to win the 2012 Alabama Primary,20,21.0,Mar/08/2012 22:27:26
758319,ALABAMA.GINGRICH,Newt Gingrich to win the 2012 Alabama Primary,5,21.0,Mar/08/2012 22:32:01
758319,ALABAMA.GINGRICH,Newt Gingrich to win the 2012 Alabama Primary,1,20.0,Mar/08/2012 22:34:18
758319,ALABAMA.GINGRICH,Newt Gingrich to win the 2012 Alabama Primary,9,20.0,Mar/08/2012 22:34:18
758319,ALABAMA.GINGRICH,Newt Gingrich to win the 2012 Alabama Primary,6,20.0,Mar/08/2012 22:37:29
758319,ALABAMA.GINGRICH,Newt Gingrich to win the 2012 Alabama Primary,4,20.0,Mar/08/2012 22:40:11
758319,ALABAMA.GINGRICH,Newt Gingrich to win the 2012 Alabama Primary,1,20.0,Mar/08/2012 22:42:38
758319,ALABAMA.GINGRICH,Newt Gingrich to win the 2012 Alabama Primary,5,20.0,Mar/08/2012 22:46:00
758319,ALABAMA.GINGRICH,Newt Gingrich to win the 2012 Alabama Primary,1,18.0,Mar/08/2012 22:51:13
758319,ALABAMA.GINGRICH,Newt Gingrich to win the 2012 Alabama Primary,1,18.1,Mar/08/2012 22:51:13
758319,ALABAMA.GINGRICH,Newt Gingrich to win the 2012 Alabama Primary,1,18.0,Mar/08/2012 22:56:55
758319,ALABAMA.GINGRICH,Newt Gingrich to win the 2012 Alabama Primary,2,21.0,Mar/08/2012 23:16:43
758319,ALABAMA.GINGRICH,Newt Gingrich to win the 2012 Alabama Primary,5,18.0,Mar/08/2012 23:16:57
758319,ALABAMA.GINGRICH,Newt Gingrich to win the 2012 Alabama Primary,6,18.1,Mar/08/2012 23:51:21
758319,ALABAMA.GINGRICH,Newt Gingrich to win the 2012 Alabama Primary,2,18.5,Mar/09/2012 00:31:06
758319,ALABAMA.GINGRICH,Newt Gingrich to win the 2012 Alabama Primary,3,18.0,Mar/09/2012 00:34:07
758319,ALABAMA.GINGRICH,Newt Gingrich to win the 2012 Alabama Primary,15,18.0,Mar/09/2012 00:36:18
758319,ALABAMA.GINGRICH,Newt Gingrich to win the 2012 Alabama Primary,2,17.5,Mar/09/2012 00:36:18
758319,ALABAMA.GINGRICH,Newt Gingrich to win the 2012 Alabama Primary,1,17.5,Mar/09/2012 00:38:58
758319,ALABAMA.GINGRICH,Newt Gingrich to win the 2012 Alabama Primary,8,17.5,Mar/09/2012 00:48:38
758319,ALABAMA.GINGRICH,Newt Gingrich to win the 2012 Alabama Primary,5,17.6,Mar/09/2012 00:51:10
758319,ALABAMA.GINGRICH,Newt Gingrich to win the 2012 Alabama Primary,3,17.5,Mar/09/2012 00:58:22
758319,ALABAMA.GINGRICH,Newt Gingrich to win the 2012 Alabama Primary,11,17.5,Mar/09/2012 00:59:33
758319,ALABAMA.GINGRICH,Newt Gingrich to win the 2012 Alabama Primary,25,17.0,Mar/09/2012 01:04:30
758319,ALABAMA.GINGRICH,Newt Gingrich to win the 2012 Alabama Primary,1,16.0,Mar/09/2012 01:07:47
758319,ALABAMA.GINGRICH,Newt Gingrich to win the 2012 Alabama Primary,31,20.4,Mar/09/2012 01:12:32
758319,ALABAMA.GINGRICH,Newt Gingrich to win the 2012 Alabama Primary,1,20.1,Mar/09/2012 01:12:32
758319,ALABAMA.GINGRICH,Newt Gingrich to win the 2012 Alabama Primary,1,19.9,Mar/09/2012 01:12:32
758319,ALABAMA.GINGRICH,Newt Gingrich to win the 2012 Alabama Primary,1,19.5,Mar/09/2012 01:12:32
758319,ALABAMA.GINGRICH,Newt Gingrich to win the 2012 Alabama Primary,6,20.4,Mar/09/2012 01:12:41
758319,ALABAMA.GINGRICH,Newt Gingrich to win the 2012 Alabama Primary,2,19.7,Mar/09/2012 01:24:56
758319,ALABAMA.GINGRICH,Newt Gingrich to win the 2012 Alabama Primary,45,17.0,Mar/09/2012 01:33:56
758319,ALABAMA.GINGRICH,Newt Gingrich to win the 2012 Alabama Primary,1,17.0,Mar/09/2012 01:36:26
758319,ALABAMA.GINGRICH,Newt Gingrich to win the 2012 Alabama Primary,1,17.0,Mar/09/2012 01:59:42
758319,ALABAMA.GINGRICH,Newt Gingrich to win the 2012 Alabama Primary,5,19.0,Mar/09/2012 02:00:53
758319,ALABAMA.GINGRICH,Newt Gingrich to win the 2012 Alabama Primary,18,19.7,Mar/09/2012 02:22:07
758319,ALABAMA.GINGRICH,Newt Gingrich to win the 2012 Alabama Primary,20,19.5,Mar/09/2012 02:22:07
758319,ALABAMA.GINGRICH,Newt Gingrich to win the 2012 Alabama Primary,5,19.1,Mar/09/2012 02:22:07
758319,ALABAMA.GINGRICH,Newt Gingrich to win the 2012 Alabama Primary,6,20.0,Mar/09/2012 02:22:15
758319,ALABAMA.GINGRICH,Newt Gingrich to win the 2012 Alabama Primary,4,20.0,Mar/09/2012 02:32:42
758319,ALABAMA.GINGRICH,Newt Gingrich to win the 2012 Alabama Primary,20,19.0,Mar/09/2012 02:49:15
758319,ALABAMA.GINGRICH,Newt Gingrich to win the 2012 Alabama Primary,1,17.5,Mar/09/2012 02:49:24
758319,ALABAMA.GINGRICH,Newt Gingrich to win the 2012 Alabama Primary,5,20.0,Mar/09/2012 02:49:24
758319,ALABAMA.GINGRICH,Newt Gingrich to win the 2012 Alabama Primary,1,17.5,Mar/09/2012 02:51:25
758319,ALABAMA.GINGRICH,Newt Gingrich to win the 2012 Alabama Primary,23,17.5,Mar/09/2012 02:51:42
758319,ALABAMA.GINGRICH,Newt Gingrich to win the 2012 Alabama Primary,25,17.0,Mar/09/2012 03:01:02
758319,ALABAMA.GINGRICH,Newt Gingrich to win the 2012 Alabama Primary,25,17.0,Mar/09/2012 03:01:02
758319,ALABAMA.GINGRICH,Newt Gingrich to win the 2012 Alabama Primary,10,16.0,Mar/09/2012 03:10:10
758319,ALABAMA.GINGRICH,Newt Gingrich to win the 2012 Alabama Primary,2,16.0,Mar/09/2012 03:12:01
758319,ALABAMA.GINGRICH,Newt Gingrich to win the 2012 Alabama Primary,35,16.0,Mar/09/2012 03:16:27
758319,ALABAMA.GINGRICH,Newt Gingrich to win the 2012 Alabama Primary,3,16.0,Mar/09/2012 03:20:10
758319,ALABAMA.GINGRICH,Newt Gingrich to win the 2012 Alabama Primary,50,15.5,Mar/09/2012 03:20:22
758319,ALABAMA.GINGRICH,Newt Gingrich to win the 2012 Alabama Primary,45,15.2,Mar/09/2012 03:27:19
758319,ALABAMA.GINGRICH,Newt Gingrich to win the 2012 Alabama Primary,5,15.2,Mar/09/2012 03:28:46
758319,ALABAMA.GINGRICH,Newt Gingrich to win the 2012 Alabama Primary,15,14.0,Mar/09/2012 03:30:17
758319,ALABAMA.GINGRICH,Newt Gingrich to win the 2012 Alabama Primary,20,13.0,Mar/09/2012 03:37:18
758319,ALABAMA.GINGRICH,Newt Gingrich to win the 2012 Alabama Primary,25,18.9,Mar/09/2012 03:57:12
758319,ALABAMA.GINGRICH,Newt Gingrich to win the 2012 Alabama Primary,5,13.0,Mar/09/2012 04:02:19
758319,ALABAMA.GINGRICH,Newt Gingrich to win the 2012 Alabama Primary,1,13.1,Mar/09/2012 04:02:42
758319,ALABAMA.GINGRICH,Newt Gingrich to win the 2012 Alabama Primary,4,13.1,Mar/09/2012 04:24:05
758319,ALABAMA.GINGRICH,Newt Gingrich to win the 2012 Alabama Primary,98,18.3,Mar/09/2012 07:41:46
758319,ALABAMA.GINGRICH,Newt Gingrich to win the 2012 Alabama Primary,44,17.9,Mar/09/2012 07:41:46
758319,ALABAMA.GINGRICH,Newt Gingrich to win the 2012 Alabama Primary,30,19.5,Mar/09/2012 07:42:47
758319,ALABAMA.GINGRICH,Newt Gingrich to win the 2012 Alabama Primary,1,18.7,Mar/09/2012 07:42:47
758319,ALABAMA.GINGRICH,Newt Gingrich to win the 2012 Alabama Primary,1,18.6,Mar/09/2012 07:42:47
758319,ALABAMA.GINGRICH,Newt Gingrich to win the 2012 Alabama Primary,1,18.5,Mar/09/2012 07:42:47
758319,ALABAMA.GINGRICH,Newt Gingrich to win the 2012 Alabama Primary,1,18.4,Mar/09/2012 07:42:47
758319,ALABAMA.GINGRICH,Newt Gingrich to win the 2012 Alabama Primary,1,18.4,Mar/09/2012 07:42:47
758319,ALABAMA.GINGRICH,Newt Gingrich to win the 2012 Alabama Primary,1,20.9,Mar/09/2012 10:45:29
758319,ALABAMA.GINGRICH,Newt Gingrich to win the 2012 Alabama Primary,4,14.5,Mar/09/2012 11:58:21
758319,ALABAMA.GINGRICH,Newt Gingrich to win the 2012 Alabama Primary,9,15.0,Mar/09/2012 14:33:06
758319,ALABAMA.GINGRICH,Newt Gingrich to win the 2012 Alabama Primary,73,23.0,Mar/09/2012 14:35:37
758319,ALABAMA.GINGRICH,Newt Gingrich to win the 2012 Alabama Primary,71,20.0,Mar/09/2012 14:45:44
758319,ALABAMA.GINGRICH,Newt Gingrich to win the 2012 Alabama Primary,1,24.9,Mar/09/2012 14:46:17
758319,ALABAMA.GINGRICH,Newt Gingrich to win the 2012 Alabama Primary,1,25.0,Mar/09/2012 14:46:41
758319,ALABAMA.GINGRICH,Newt Gingrich to win the 2012 Alabama Primary,1,24.9,Mar/09/2012 14:46:46
758319,ALABAMA.GINGRICH,Newt Gingrich to win the 2012 Alabama Primary,20,25.0,Mar/09/2012 14:46:56
758319,ALABAMA.GINGRICH,Newt Gingrich to win the 2012 Alabama Primary,1,25.0,Mar/09/2012 14:46:58
758319,ALABAMA.GINGRICH,Newt Gingrich to win the 2012 Alabama Primary,20,21.0,Mar/09/2012 14:48:23
758319,ALABAMA.GINGRICH,Newt Gingrich to win the 2012 Alabama Primary,20,25.0,Mar/09/2012 14:52:07
758319,ALABAMA.GINGRICH,Newt Gingrich to win the 2012 Alabama Primary,20,21.0,Mar/09/2012 14:54:04
758319,ALABAMA.GINGRICH,Newt Gingrich to win the 2012 Alabama Primary,20,25.0,Mar/09/2012 14:54:48
758319,ALABAMA.GINGRICH,Newt Gingrich to win the 2012 Alabama Primary,20,22.0,Mar/09/2012 14:56:05
758319,ALABAMA.GINGRICH,Newt Gingrich to win the 2012 Alabama Primary,82,23.0,Mar/09/2012 14:56:46
758319,ALABAMA.GINGRICH,Newt Gingrich to win the 2012 Alabama Primary,20,25.0,Mar/09/2012 14:56:46
758319,ALABAMA.GINGRICH,Newt Gingrich to win the 2012 Alabama Primary,1,23.0,Mar/09/2012 14:57:03
758319,ALABAMA.GINGRICH,Newt Gingrich to win the 2012 Alabama Primary,17,23.0,Mar/09/2012 14:57:16
758319,ALABAMA.GINGRICH,Newt Gingrich to win the 2012 Alabama Primary,20,23.0,Mar/09/2012 14:57:27
758319,ALABAMA.GINGRICH,Newt Gingrich to win the 2012 Alabama Primary,28,23.0,Mar/09/2012 15:09:18
758319,ALABAMA.GINGRICH,Newt Gingrich to win the 2012 Alabama Primary,1,23.0,Mar/09/2012 15:12:22
758319,ALABAMA.GINGRICH,Newt Gingrich to win the 2012 Alabama Primary,50,23.0,Mar/09/2012 15:13:24
758319,ALABAMA.GINGRICH,Newt Gingrich to win the 2012 Alabama Primary,15,20.1,Mar/09/2012 15:16:37
758319,ALABAMA.GINGRICH,Newt Gingrich to win the 2012 Alabama Primary,100,22.0,Mar/09/2012 15:20:43
758319,ALABAMA.GINGRICH,Newt Gingrich to win the 2012 Alabama Primary,1,23.0,Mar/09/2012 15:35:21
758319,ALABAMA.GINGRICH,Newt Gingrich to win the 2012 Alabama Primary,27,49.0,Mar/09/2012 15:54:03
758319,ALABAMA.GINGRICH,Newt Gingrich to win the 2012 Alabama Primary,3,48.9,Mar/09/2012 15:54:03
758319,ALABAMA.GINGRICH,Newt Gingrich to win the 2012 Alabama Primary,8,47.0,Mar/09/2012 16:04:08
758319,ALABAMA.GINGRICH,Newt Gingrich to win the 2012 Alabama Primary,2,44.5,Mar/09/2012 16:20:21
758319,ALABAMA.GINGRICH,Newt Gingrich to win the 2012 Alabama Primary,10,39.9,Mar/09/2012 17:01:29
758319,ALABAMA.GINGRICH,Newt Gingrich to win the 2012 Alabama Primary,1,32.6,Mar/09/2012 17:11:17
758319,ALABAMA.GINGRICH,Newt Gingrich to win the 2012 Alabama Primary,15,32.5,Mar/09/2012 17:12:02
758319,ALABAMA.GINGRICH,Newt Gingrich to win the 2012 Alabama Primary,3,35.0,Mar/09/2012 17:23:55
758319,ALABAMA.GINGRICH,Newt Gingrich to win the 2012 Alabama Primary,5,35.0,Mar/09/2012 17:24:21
758319,ALABAMA.GINGRICH,Newt Gingrich to win the 2012 Alabama Primary,4,36.0,Mar/09/2012 17:29:04
758319,ALABAMA.GINGRICH,Newt Gingrich to win the 2012 Alabama Primary,1,37.0,Mar/09/2012 17:35:21
758319,ALABAMA.GINGRICH,Newt Gingrich to win the 2012 Alabama Primary,5,37.0,Mar/09/2012 17:35:52
758319,ALABAMA.GINGRICH,Newt Gingrich to win the 2012 Alabama Primary,14,39.8,Mar/09/2012 17:35:58
758319,ALABAMA.GINGRICH,Newt Gingrich to win the 2012 Alabama Primary,1,39.7,Mar/09/2012 17:35:58
758319,ALABAMA.GINGRICH,Newt Gingrich to win the 2012 Alabama Primary,10,39.5,Mar/09/2012 17:35:58
758319,ALABAMA.GINGRICH,Newt Gingrich to win the 2012 Alabama Primary,1,39.8,Mar/09/2012 17:39:22
758319,ALABAMA.GINGRICH,Newt Gingrich to win the 2012 Alabama Primary,1,40.0,Mar/09/2012 17:43:16
758319,ALABAMA.GINGRICH,Newt Gingrich to win the 2012 Alabama Primary,1,40.0,Mar/09/2012 17:45:42
758319,ALABAMA.GINGRICH,Newt Gingrich to win the 2012 Alabama Primary,1,43.0,Mar/09/2012 17:47:28
758319,ALABAMA.GINGRICH,Newt Gingrich to win the 2012 Alabama Primary,1,44.4,Mar/09/2012 17:47:28
758319,ALABAMA.GINGRICH,Newt Gingrich to win the 2012 Alabama Primary,40,44.4,Mar/09/2012 17:47:28
758319,ALABAMA.GINGRICH,Newt Gingrich to win the 2012 Alabama Primary,1,44.4,Mar/09/2012 17:47:28
758319,ALABAMA.GINGRICH,Newt Gingrich to win the 2012 Alabama Primary,1,40.3,Mar/09/2012 17:49:10
758319,ALABAMA.GINGRICH,Newt Gingrich to win the 2012 Alabama Primary,14,40.0,Mar/09/2012 17:49:30
758319,ALABAMA.GINGRICH,Newt Gingrich to win the 2012 Alabama Primary,1,40.1,Mar/09/2012 17:49:30
758319,ALABAMA.GINGRICH,Newt Gingrich to win the 2012 Alabama Primary,1,40.2,Mar/09/2012 17:49:30
758319,ALABAMA.GINGRICH,Newt Gingrich to win the 2012 Alabama Primary,1,40.3,Mar/09/2012 17:58:44
758319,ALABAMA.GINGRICH,Newt Gingrich to win the 2012 Alabama Primary,1,40.2,Mar/09/2012 17:59:04
758319,ALABAMA.GINGRICH,Newt Gingrich to win the 2012 Alabama Primary,1,40.3,Mar/09/2012 17:59:07
758319,ALABAMA.GINGRICH,Newt Gingrich to win the 2012 Alabama Primary,1,40.1,Mar/09/2012 17:59:30
758319,ALABAMA.GINGRICH,Newt Gingrich to win the 2012 Alabama Primary,3,40.1,Mar/09/2012 17:59:30
758319,ALABAMA.GINGRICH,Newt Gingrich to win the 2012 Alabama Primary,33,40.0,Mar/09/2012 17:59:53
758319,ALABAMA.GINGRICH,Newt Gingrich to win the 2012 Alabama Primary,35,40.0,Mar/09/2012 18:21:41
758319,ALABAMA.GINGRICH,Newt Gingrich to win the 2012 Alabama Primary,5,40.0,Mar/09/2012 18:26:57
758319,ALABAMA.GINGRICH,Newt Gingrich to win the 2012 Alabama Primary,5,40.5,Mar/09/2012 18:33:13
758319,ALABAMA.GINGRICH,Newt Gingrich to win the 2012 Alabama Primary,10,40.0,Mar/09/2012 18:33:35
758319,ALABAMA.GINGRICH,Newt Gingrich to win the 2012 Alabama Primary,13,40.0,Mar/09/2012 18:33:35
758319,ALABAMA.GINGRICH,Newt Gingrich to win the 2012 Alabama Primary,17,40.0,Mar/09/2012 18:44:20
758319,ALABAMA.GINGRICH,Newt Gingrich to win the 2012 Alabama Primary,10,42.9,Mar/09/2012 18:51:37
758319,ALABAMA.GINGRICH,Newt Gingrich to win the 2012 Alabama Primary,10,43.0,Mar/09/2012 18:53:44
758319,ALABAMA.GINGRICH,Newt Gingrich to win the 2012 Alabama Primary,1,43.9,Mar/09/2012 18:54:18
758319,ALABAMA.GINGRICH,Newt Gingrich to win the 2012 Alabama Primary,8,44.0,Mar/09/2012 18:55:02
758319,ALABAMA.GINGRICH,Newt Gingrich to win the 2012 Alabama Primary,1,43.9,Mar/09/2012 18:55:02
758319,ALABAMA.GINGRICH,Newt Gingrich to win the 2012 Alabama Primary,3,43.9,Mar/09/2012 19:01:36
758319,ALABAMA.GINGRICH,Newt Gingrich to win the 2012 Alabama Primary,2,40.2,Mar/09/2012 19:13:54
758319,ALABAMA.GINGRICH,Newt Gingrich to win the 2012 Alabama Primary,1,40.1,Mar/09/2012 19:14:10
758319,ALABAMA.GINGRICH,Newt Gingrich to win the 2012 Alabama Primary,28,40.0,Mar/09/2012 19:14:34
758319,ALABAMA.GINGRICH,Newt Gingrich to win the 2012 Alabama Primary,22,44.0,Mar/09/2012 19:22:23
758319,ALABAMA.GINGRICH,Newt Gingrich to win the 2012 Alabama Primary,27,43.9,Mar/09/2012 19:22:23
758319,ALABAMA.GINGRICH,Newt Gingrich to win the 2012 Alabama Primary,2,42.9,Mar/09/2012 19:45:11
758319,ALABAMA.GINGRICH,Newt Gingrich to win the 2012 Alabama Primary,8,43.0,Mar/09/2012 19:45:28
758319,ALABAMA.GINGRICH,Newt Gingrich to win the 2012 Alabama Primary,4,43.0,Mar/09/2012 19:50:05
758319,ALABAMA.GINGRICH,Newt Gingrich to win the 2012 Alabama Primary,1,44.3,Mar/09/2012 19:57:52
758319,ALABAMA.GINGRICH,Newt Gingrich to win the 2012 Alabama Primary,2,44.3,Mar/09/2012 20:02:30
758319,ALABAMA.GINGRICH,Newt Gingrich to win the 2012 Alabama Primary,3,42.1,Mar/09/2012 20:27:56
758319,ALABAMA.GINGRICH,Newt Gingrich to win the 2012 Alabama Primary,7,44.0,Mar/09/2012 20:45:09
758319,ALABAMA.GINGRICH,Newt Gingrich to win the 2012 Alabama Primary,3,43.9,Mar/09/2012 20:45:09
758319,ALABAMA.GINGRICH,Newt Gingrich to win the 2012 Alabama Primary,3,43.1,Mar/09/2012 21:00:33
758319,ALABAMA.GINGRICH,Newt Gingrich to win the 2012 Alabama Primary,1,44.0,Mar/09/2012 21:15:03
758319,ALABAMA.GINGRICH,Newt Gingrich to win the 2012 Alabama Primary,2,44.5,Mar/09/2012 21:53:36
758319,ALABAMA.GINGRICH,Newt Gingrich to win the 2012 Alabama Primary,1,44.5,Mar/09/2012 22:06:12
758319,ALABAMA.GINGRICH,Newt Gingrich to win the 2012 Alabama Primary,2,46.0,Mar/09/2012 22:06:35
758319,ALABAMA.GINGRICH,Newt Gingrich to win the 2012 Alabama Primary,1,46.0,Mar/09/2012 22:07:10
758319,ALABAMA.GINGRICH,Newt Gingrich to win the 2012 Alabama Primary,1,46.9,Mar/09/2012 22:22:54
758319,ALABAMA.GINGRICH,Newt Gingrich to win the 2012 Alabama Primary,1,48.0,Mar/09/2012 22:23:22
758319,ALABAMA.GINGRICH,Newt Gingrich to win the 2012 Alabama Primary,1,49.0,Mar/09/2012 22:31:18
758319,ALABAMA.GINGRICH,Newt Gingrich to win the 2012 Alabama Primary,2,50.0,Mar/09/2012 22:39:59
758319,ALABAMA.GINGRICH,Newt Gingrich to win the 2012 Alabama Primary,2,50.0,Mar/09/2012 22:41:54
758319,ALABAMA.GINGRICH,Newt Gingrich to win the 2012 Alabama Primary,2,48.1,Mar/10/2012 00:01:30
758319,ALABAMA.GINGRICH,Newt Gingrich to win the 2012 Alabama Primary,5,49.5,Mar/10/2012 00:05:46
758319,ALABAMA.GINGRICH,Newt Gingrich to win the 2012 Alabama Primary,5,49.5,Mar/10/2012 00:06:30
758319,ALABAMA.GINGRICH,Newt Gingrich to win the 2012 Alabama Primary,3,49.5,Mar/10/2012 00:07:35
758319,ALABAMA.GINGRICH,Newt Gingrich to win the 2012 Alabama Primary,1,48.1,Mar/10/2012 00:10:32
758319,ALABAMA.GINGRICH,Newt Gingrich to win the 2012 Alabama Primary,4,45.1,Mar/10/2012 00:27:11
758319,ALABAMA.GINGRICH,Newt Gingrich to win the 2012 Alabama Primary,46,45.1,Mar/10/2012 00:33:41
758319,ALABAMA.GINGRICH,Newt Gingrich to win the 2012 Alabama Primary,5,45.0,Mar/10/2012 00:33:41
758319,ALABAMA.GINGRICH,Newt Gingrich to win the 2012 Alabama Primary,1,47.5,Mar/10/2012 02:08:39
758319,ALABAMA.GINGRICH,Newt Gingrich to win the 2012 Alabama Primary,1,42.1,Mar/10/2012 02:39:17
758319,ALABAMA.GINGRICH,Newt Gingrich to win the 2012 Alabama Primary,1,43.1,Mar/10/2012 02:39:17
758319,ALABAMA.GINGRICH,Newt Gingrich to win the 2012 Alabama Primary,1,44.0,Mar/10/2012 02:39:17
758319,ALABAMA.GINGRICH,Newt Gingrich to win the 2012 Alabama Primary,22,40.0,Mar/10/2012 02:41:09
758319,ALABAMA.GINGRICH,Newt Gingrich to win the 2012 Alabama Primary,1,41.5,Mar/10/2012 03:14:00
758319,ALABAMA.GINGRICH,Newt Gingrich to win the 2012 Alabama Primary,10,42.0,Mar/10/2012 04:13:52
758319,ALABAMA.GINGRICH,Newt Gingrich to win the 2012 Alabama Primary,10,42.0,Mar/10/2012 04:13:52
758319,ALABAMA.GINGRICH,Newt Gingrich to win the 2012 Alabama Primary,18,47.0,Mar/10/2012 04:18:06
758319,ALABAMA.GINGRICH,Newt Gingrich to win the 2012 Alabama Primary,1,47.0,Mar/10/2012 04:35:40
758319,ALABAMA.GINGRICH,Newt Gingrich to win the 2012 Alabama Primary,1,47.0,Mar/10/2012 04:37:37
758319,ALABAMA.GINGRICH,Newt Gingrich to win the 2012 Alabama Primary,4,47.0,Mar/10/2012 04:37:37
758319,ALABAMA.GINGRICH,Newt Gingrich to win the 2012 Alabama Primary,17,40.0,Mar/10/2012 05:55:27
758319,ALABAMA.GINGRICH,Newt Gingrich to win the 2012 Alabama Primary,2,42.0,Mar/10/2012 06:22:09
758319,ALABAMA.GINGRICH,Newt Gingrich to win the 2012 Alabama Primary,1,47.0,Mar/10/2012 07:21:33
758319,ALABAMA.GINGRICH,Newt Gingrich to win the 2012 Alabama Primary,1,47.4,Mar/10/2012 07:21:48
758319,ALABAMA.GINGRICH,Newt Gingrich to win the 2012 Alabama Primary,2,47.0,Mar/10/2012 07:24:20
758319,ALABAMA.GINGRICH,Newt Gingrich to win the 2012 Alabama Primary,1,47.0,Mar/10/2012 07:31:32
758319,ALABAMA.GINGRICH,Newt Gingrich to win the 2012 Alabama Primary,2,43.0,Mar/10/2012 08:27:43
758319,ALABAMA.GINGRICH,Newt Gingrich to win the 2012 Alabama Primary,1,47.0,Mar/10/2012 08:36:26
758319,ALABAMA.GINGRICH,Newt Gingrich to win the 2012 Alabama Primary,1,47.0,Mar/10/2012 08:37:10
758319,ALABAMA.GINGRICH,Newt Gingrich to win the 2012 Alabama Primary,2,47.0,Mar/10/2012 08:37:10
758319,ALABAMA.GINGRICH,Newt Gingrich to win the 2012 Alabama Primary,3,46.0,Mar/10/2012 13:55:53
758319,ALABAMA.GINGRICH,Newt Gingrich to win the 2012 Alabama Primary,5,46.8,Mar/10/2012 13:57:02
758319,ALABAMA.GINGRICH,Newt Gingrich to win the 2012 Alabama Primary,2,46.0,Mar/10/2012 15:20:35
758319,ALABAMA.GINGRICH,Newt Gingrich to win the 2012 Alabama Primary,1,45.9,Mar/10/2012 16:33:00
758319,ALABAMA.GINGRICH,Newt Gingrich to win the 2012 Alabama Primary,3,44.9,Mar/10/2012 16:45:41
758319,ALABAMA.GINGRICH,Newt Gingrich to win the 2012 Alabama Primary,4,42.5,Mar/10/2012 17:08:42
758319,ALABAMA.GINGRICH,Newt Gingrich to win the 2012 Alabama Primary,5,42.5,Mar/10/2012 17:09:36
758319,ALABAMA.GINGRICH,Newt Gingrich to win the 2012 Alabama Primary,5,42.5,Mar/10/2012 17:21:00
758319,ALABAMA.GINGRICH,Newt Gingrich to win the 2012 Alabama Primary,5,42.5,Mar/10/2012 17:21:22
758319,ALABAMA.GINGRICH,Newt Gingrich to win the 2012 Alabama Primary,5,42.5,Mar/10/2012 17:22:06
758319,ALABAMA.GINGRICH,Newt Gingrich to win the 2012 Alabama Primary,5,42.5,Mar/10/2012 17:22:26
758319,ALABAMA.GINGRICH,Newt Gingrich to win the 2012 Alabama Primary,5,45.0,Mar/10/2012 17:23:11
758319,ALABAMA.GINGRICH,Newt Gingrich to win the 2012 Alabama Primary,5,42.5,Mar/10/2012 17:29:06
758319,ALABAMA.GINGRICH,Newt Gingrich to win the 2012 Alabama Primary,2,43.0,Mar/10/2012 17:38:02
758319,ALABAMA.GINGRICH,Newt Gingrich to win the 2012 Alabama Primary,16,42.5,Mar/10/2012 17:38:32
758319,ALABAMA.GINGRICH,Newt Gingrich to win the 2012 Alabama Primary,3,42.0,Mar/10/2012 17:38:47
758319,ALABAMA.GINGRICH,Newt Gingrich to win the 2012 Alabama Primary,1,42.1,Mar/10/2012 17:38:47
758319,ALABAMA.GINGRICH,Newt Gingrich to win the 2012 Alabama Primary,1,42.0,Mar/10/2012 17:40:24
758319,ALABAMA.GINGRICH,Newt Gingrich to win the 2012 Alabama Primary,4,42.0,Mar/10/2012 17:40:24
758319,ALABAMA.GINGRICH,Newt Gingrich to win the 2012 Alabama Primary,5,42.0,Mar/10/2012 17:40:54
758319,ALABAMA.GINGRICH,Newt Gingrich to win the 2012 Alabama Primary,5,42.0,Mar/10/2012 17:41:03
758319,ALABAMA.GINGRICH,Newt Gingrich to win the 2012 Alabama Primary,5,42.0,Mar/10/2012 17:41:08
758319,ALABAMA.GINGRICH,Newt Gingrich to win the 2012 Alabama Primary,5,42.0,Mar/10/2012 17:41:17
758319,ALABAMA.GINGRICH,Newt Gingrich to win the 2012 Alabama Primary,1,42.0,Mar/10/2012 17:41:17
758319,ALABAMA.GINGRICH,Newt Gingrich to win the 2012 Alabama Primary,5,42.0,Mar/10/2012 17:41:26
758319,ALABAMA.GINGRICH,Newt Gingrich to win the 2012 Alabama Primary,8,42.0,Mar/10/2012 17:41:37
758319,ALABAMA.GINGRICH,Newt Gingrich to win the 2012 Alabama Primary,3,42.0,Mar/10/2012 17:43:11
758319,ALABAMA.GINGRICH,Newt Gingrich to win the 2012 Alabama Primary,5,42.0,Mar/10/2012 17:44:48
758319,ALABAMA.GINGRICH,Newt Gingrich to win the 2012 Alabama Primary,5,42.0,Mar/10/2012 17:45:59
758319,ALABAMA.GINGRICH,Newt Gingrich to win the 2012 Alabama Primary,5,40.0,Mar/10/2012 17:46:26
758319,ALABAMA.GINGRICH,Newt Gingrich to win the 2012 Alabama Primary,1,40.0,Mar/10/2012 17:46:48
758319,ALABAMA.GINGRICH,Newt Gingrich to win the 2012 Alabama Primary,5,40.5,Mar/10/2012 17:53:30
758319,ALABAMA.GINGRICH,Newt Gingrich to win the 2012 Alabama Primary,1,38.0,Mar/10/2012 17:53:48
758319,ALABAMA.GINGRICH,Newt Gingrich to win the 2012 Alabama Primary,4,40.0,Mar/10/2012 17:53:48
758319,ALABAMA.GINGRICH,Newt Gingrich to win the 2012 Alabama Primary,5,37.2,Mar/10/2012 17:55:29
758319,ALABAMA.GINGRICH,Newt Gingrich to win the 2012 Alabama Primary,1,37.1,Mar/10/2012 17:58:15
758319,ALABAMA.GINGRICH,Newt Gingrich to win the 2012 Alabama Primary,4,36.0,Mar/10/2012 18:11:32
758319,ALABAMA.GINGRICH,Newt Gingrich to win the 2012 Alabama Primary,1,37.0,Mar/10/2012 18:34:43
758319,ALABAMA.GINGRICH,Newt Gingrich to win the 2012 Alabama Primary,11,37.0,Mar/10/2012 19:07:36
758319,ALABAMA.GINGRICH,Newt Gingrich to win the 2012 Alabama Primary,1,34.0,Mar/10/2012 19:33:53
758319,ALABAMA.GINGRICH,Newt Gingrich to win the 2012 Alabama Primary,9,34.0,Mar/10/2012 19:37:32
758319,ALABAMA.GINGRICH,Newt Gingrich to win the 2012 Alabama Primary,1,33.0,Mar/10/2012 19:38:03
758319,ALABAMA.GINGRICH,Newt Gingrich to win the 2012 Alabama Primary,1,33.1,Mar/10/2012 19:38:03
758319,ALABAMA.GINGRICH,Newt Gingrich to win the 2012 Alabama Primary,1,34.0,Mar/10/2012 19:38:24
758319,ALABAMA.GINGRICH,Newt Gingrich to win the 2012 Alabama Primary,9,33.1,Mar/10/2012 19:43:25
758319,ALABAMA.GINGRICH,Newt Gingrich to win the 2012 Alabama Primary,5,39.8,Mar/10/2012 19:47:47
758319,ALABAMA.GINGRICH,Newt Gingrich to win the 2012 Alabama Primary,5,41.5,Mar/10/2012 20:21:08
758319,ALABAMA.GINGRICH,Newt Gingrich to win the 2012 Alabama Primary,5,41.5,Mar/10/2012 20:21:10
758319,ALABAMA.GINGRICH,Newt Gingrich to win the 2012 Alabama Primary,1,33.1,Mar/10/2012 20:36:07
758319,ALABAMA.GINGRICH,Newt Gingrich to win the 2012 Alabama Primary,1,33.1,Mar/10/2012 20:36:07
758319,ALABAMA.GINGRICH,Newt Gingrich to win the 2012 Alabama Primary,7,33.3,Mar/10/2012 21:50:35
758319,ALABAMA.GINGRICH,Newt Gingrich to win the 2012 Alabama Primary,3,33.3,Mar/10/2012 21:52:43
758319,ALABAMA.GINGRICH,Newt Gingrich to win the 2012 Alabama Primary,1,38.8,Mar/11/2012 02:12:11
758319,ALABAMA.GINGRICH,Newt Gingrich to win the 2012 Alabama Primary,1,38.8,Mar/11/2012 02:19:42
758319,ALABAMA.GINGRICH,Newt Gingrich to win the 2012 Alabama Primary,12,38.8,Mar/11/2012 03:29:48
758319,ALABAMA.GINGRICH,Newt Gingrich to win the 2012 Alabama Primary,1,38.8,Mar/11/2012 03:29:48
758319,ALABAMA.GINGRICH,Newt Gingrich to win the 2012 Alabama Primary,11,41.0,Mar/11/2012 04:00:50
758319,ALABAMA.GINGRICH,Newt Gingrich to win the 2012 Alabama Primary,5,41.0,Mar/11/2012 04:00:50
758319,ALABAMA.GINGRICH,Newt Gingrich to win the 2012 Alabama Primary,5,35.1,Mar/11/2012 04:01:12
758319,ALABAMA.GINGRICH,Newt Gingrich to win the 2012 Alabama Primary,9,46.9,Mar/11/2012 05:03:54
758319,ALABAMA.GINGRICH,Newt Gingrich to win the 2012 Alabama Primary,1,42.0,Mar/11/2012 05:31:16
758319,ALABAMA.GINGRICH,Newt Gingrich to win the 2012 Alabama Primary,1,36.0,Mar/11/2012 05:57:15
758319,ALABAMA.GINGRICH,Newt Gingrich to win the 2012 Alabama Primary,1,41.9,Mar/11/2012 11:45:19
758319,ALABAMA.GINGRICH,Newt Gingrich to win the 2012 Alabama Primary,1,42.0,Mar/11/2012 13:47:53
758319,ALABAMA.GINGRICH,Newt Gingrich to win the 2012 Alabama Primary,8,42.0,Mar/11/2012 14:33:23
758319,ALABAMA.GINGRICH,Newt Gingrich to win the 2012 Alabama Primary,5,41.9,Mar/11/2012 14:33:23
758319,ALABAMA.GINGRICH,Newt Gingrich to win the 2012 Alabama Primary,1,42.4,Mar/11/2012 15:52:28
758319,ALABAMA.GINGRICH,Newt Gingrich to win the 2012 Alabama Primary,20,40.0,Mar/11/2012 17:03:16
758319,ALABAMA.GINGRICH,Newt Gingrich to win the 2012 Alabama Primary,1,41.0,Mar/11/2012 17:09:16
758319,ALABAMA.GINGRICH,Newt Gingrich to win the 2012 Alabama Primary,5,40.0,Mar/11/2012 17:10:48
758319,ALABAMA.GINGRICH,Newt Gingrich to win the 2012 Alabama Primary,1,41.0,Mar/11/2012 17:42:53
758319,ALABAMA.GINGRICH,Newt Gingrich to win the 2012 Alabama Primary,5,45.5,Mar/11/2012 17:43:51
758319,ALABAMA.GINGRICH,Newt Gingrich to win the 2012 Alabama Primary,5,45.5,Mar/11/2012 17:43:59
758319,ALABAMA.GINGRICH,Newt Gingrich to win the 2012 Alabama Primary,2,46.0,Mar/11/2012 17:47:04
758319,ALABAMA.GINGRICH,Newt Gingrich to win the 2012 Alabama Primary,1,41.0,Mar/11/2012 17:47:40
758319,ALABAMA.GINGRICH,Newt Gingrich to win the 2012 Alabama Primary,3,44.9,Mar/11/2012 19:01:36
758319,ALABAMA.GINGRICH,Newt Gingrich to win the 2012 Alabama Primary,1,41.4,Mar/11/2012 19:24:54
758319,ALABAMA.GINGRICH,Newt Gingrich to win the 2012 Alabama Primary,1,41.4,Mar/11/2012 19:26:06
758319,ALABAMA.GINGRICH,Newt Gingrich to win the 2012 Alabama Primary,5,41.5,Mar/11/2012 19:58:11
758319,ALABAMA.GINGRICH,Newt Gingrich to win the 2012 Alabama Primary,4,42.0,Mar/11/2012 20:09:49
758319,ALABAMA.GINGRICH,Newt Gingrich to win the 2012 Alabama Primary,5,43.1,Mar/11/2012 20:12:13
758319,ALABAMA.GINGRICH,Newt Gingrich to win the 2012 Alabama Primary,1,42.0,Mar/11/2012 20:18:26
758319,ALABAMA.GINGRICH,Newt Gingrich to win the 2012 Alabama Primary,15,41.5,Mar/11/2012 20:21:35
758319,ALABAMA.GINGRICH,Newt Gingrich to win the 2012 Alabama Primary,5,42.0,Mar/11/2012 20:21:35
758319,ALABAMA.GINGRICH,Newt Gingrich to win the 2012 Alabama Primary,1,43.0,Mar/11/2012 20:21:59
758319,ALABAMA.GINGRICH,Newt Gingrich to win the 2012 Alabama Primary,1,42.4,Mar/11/2012 20:36:05
758319,ALABAMA.GINGRICH,Newt Gingrich to win the 2012 Alabama Primary,1,46.0,Mar/11/2012 20:38:22
758319,ALABAMA.GINGRICH,Newt Gingrich to win the 2012 Alabama Primary,5,44.0,Mar/11/2012 20:41:34
758319,ALABAMA.GINGRICH,Newt Gingrich to win the 2012 Alabama Primary,185,41.0,Mar/11/2012 21:21:20
758319,ALABAMA.GINGRICH,Newt Gingrich to win the 2012 Alabama Primary,71,41.1,Mar/11/2012 21:21:20
758319,ALABAMA.GINGRICH,Newt Gingrich to win the 2012 Alabama Primary,4,42.5,Mar/11/2012 21:54:15
758319,ALABAMA.GINGRICH,Newt Gingrich to win the 2012 Alabama Primary,5,42.5,Mar/11/2012 21:54:15
758319,ALABAMA.GINGRICH,Newt Gingrich to win the 2012 Alabama Primary,5,42.5,Mar/11/2012 21:54:22
758319,ALABAMA.GINGRICH,Newt Gingrich to win the 2012 Alabama Primary,2,43.0,Mar/11/2012 21:55:47
758319,ALABAMA.GINGRICH,Newt Gingrich to win the 2012 Alabama Primary,3,41.1,Mar/11/2012 21:58:33
758319,ALABAMA.GINGRICH,Newt Gingrich to win the 2012 Alabama Primary,2,41.1,Mar/11/2012 22:01:19
758319,ALABAMA.GINGRICH,Newt Gingrich to win the 2012 Alabama Primary,2,41.1,Mar/11/2012 22:09:38
758319,ALABAMA.GINGRICH,Newt Gingrich to win the 2012 Alabama Primary,3,41.1,Mar/11/2012 22:18:03
758319,ALABAMA.GINGRICH,Newt Gingrich to win the 2012 Alabama Primary,5,42.6,Mar/11/2012 22:40:42
758319,ALABAMA.GINGRICH,Newt Gingrich to win the 2012 Alabama Primary,1,42.6,Mar/11/2012 22:40:42
758319,ALABAMA.GINGRICH,Newt Gingrich to win the 2012 Alabama Primary,3,41.1,Mar/11/2012 22:58:19
758319,ALABAMA.GINGRICH,Newt Gingrich to win the 2012 Alabama Primary,1,41.1,Mar/11/2012 22:59:06
758319,ALABAMA.GINGRICH,Newt Gingrich to win the 2012 Alabama Primary,1,41.1,Mar/11/2012 23:24:21
758319,ALABAMA.GINGRICH,Newt Gingrich to win the 2012 Alabama Primary,1,41.1,Mar/11/2012 23:35:40
758319,ALABAMA.GINGRICH,Newt Gingrich to win the 2012 Alabama Primary,4,41.1,Mar/11/2012 23:35:40
758319,ALABAMA.GINGRICH,Newt Gingrich to win the 2012 Alabama Primary,36,41.1,Mar/11/2012 23:35:43
758319,ALABAMA.GINGRICH,Newt Gingrich to win the 2012 Alabama Primary,2,41.0,Mar/12/2012 00:20:15
758319,ALABAMA.GINGRICH,Newt Gingrich to win the 2012 Alabama Primary,7,43.6,Mar/12/2012 01:16:41
758319,ALABAMA.GINGRICH,Newt Gingrich to win the 2012 Alabama Primary,1,43.5,Mar/12/2012 01:16:41
758319,ALABAMA.GINGRICH,Newt Gingrich to win the 2012 Alabama Primary,1,43.8,Mar/12/2012 01:17:46
758319,ALABAMA.GINGRICH,Newt Gingrich to win the 2012 Alabama Primary,1,45.0,Mar/12/2012 01:30:41
758319,ALABAMA.GINGRICH,Newt Gingrich to win the 2012 Alabama Primary,1,45.6,Mar/12/2012 01:30:54
758319,ALABAMA.GINGRICH,Newt Gingrich to win the 2012 Alabama Primary,1,41.1,Mar/12/2012 01:41:41
758319,ALABAMA.GINGRICH,Newt Gingrich to win the 2012 Alabama Primary,2,40.3,Mar/12/2012 02:56:31
758319,ALABAMA.GINGRICH,Newt Gingrich to win the 2012 Alabama Primary,5,40.5,Mar/12/2012 02:56:31
758319,ALABAMA.GINGRICH,Newt Gingrich to win the 2012 Alabama Primary,3,40.1,Mar/12/2012 03:30:01
758319,ALABAMA.GINGRICH,Newt Gingrich to win the 2012 Alabama Primary,1,40.2,Mar/12/2012 03:30:01
758319,ALABAMA.GINGRICH,Newt Gingrich to win the 2012 Alabama Primary,1,40.3,Mar/12/2012 03:30:01
758319,ALABAMA.GINGRICH,Newt Gingrich to win the 2012 Alabama Primary,2,40.0,Mar/12/2012 03:30:09
758319,ALABAMA.GINGRICH,Newt Gingrich to win the 2012 Alabama Primary,5,40.0,Mar/12/2012 03:30:17
758319,ALABAMA.GINGRICH,Newt Gingrich to win the 2012 Alabama Primary,8,40.0,Mar/12/2012 03:30:19
758319,ALABAMA.GINGRICH,Newt Gingrich to win the 2012 Alabama Primary,10,37.0,Mar/12/2012 03:33:45
758319,ALABAMA.GINGRICH,Newt Gingrich to win the 2012 Alabama Primary,1,37.0,Mar/12/2012 03:35:22
758319,ALABAMA.GINGRICH,Newt Gingrich to win the 2012 Alabama Primary,3,39.9,Mar/12/2012 03:35:26
758319,ALABAMA.GINGRICH,Newt Gingrich to win the 2012 Alabama Primary,3,40.0,Mar/12/2012 03:36:23
758319,ALABAMA.GINGRICH,Newt Gingrich to win the 2012 Alabama Primary,2,39.9,Mar/12/2012 03:36:23
758319,ALABAMA.GINGRICH,Newt Gingrich to win the 2012 Alabama Primary,1,40.0,Mar/12/2012 03:38:30
758319,ALABAMA.GINGRICH,Newt Gingrich to win the 2012 Alabama Primary,5,42.7,Mar/12/2012 03:40:35
758319,ALABAMA.GINGRICH,Newt Gingrich to win the 2012 Alabama Primary,1,44.0,Mar/12/2012 04:04:05
758319,ALABAMA.GINGRICH,Newt Gingrich to win the 2012 Alabama Primary,1,44.5,Mar/12/2012 04:18:47
758319,ALABAMA.GINGRICH,Newt Gingrich to win the 2012 Alabama Primary,20,44.5,Mar/12/2012 04:18:47
758319,ALABAMA.GINGRICH,Newt Gingrich to win the 2012 Alabama Primary,10,40.0,Mar/12/2012 06:42:25
758319,ALABAMA.GINGRICH,Newt Gingrich to win the 2012 Alabama Primary,5,40.0,Mar/12/2012 07:43:58
758319,ALABAMA.GINGRICH,Newt Gingrich to win the 2012 Alabama Primary,10,40.0,Mar/12/2012 07:49:55
758319,ALABAMA.GINGRICH,Newt Gingrich to win the 2012 Alabama Primary,5,39.9,Mar/12/2012 09:03:30
758319,ALABAMA.GINGRICH,Newt Gingrich to win the 2012 Alabama Primary,25,40.0,Mar/12/2012 12:37:29
758319,ALABAMA.GINGRICH,Newt Gingrich to win the 2012 Alabama Primary,2,40.0,Mar/12/2012 12:37:29
758319,ALABAMA.GINGRICH,Newt Gingrich to win the 2012 Alabama Primary,1,42.0,Mar/12/2012 12:39:18
758319,ALABAMA.GINGRICH,Newt Gingrich to win the 2012 Alabama Primary,2,43.0,Mar/12/2012 12:39:32
758319,ALABAMA.GINGRICH,Newt Gingrich to win the 2012 Alabama Primary,5,44.0,Mar/12/2012 12:39:46
758319,ALABAMA.GINGRICH,Newt Gingrich to win the 2012 Alabama Primary,3,44.0,Mar/12/2012 12:39:46
758319,ALABAMA.GINGRICH,Newt Gingrich to win the 2012 Alabama Primary,1,44.5,Mar/12/2012 12:40:19
758319,ALABAMA.GINGRICH,Newt Gingrich to win the 2012 Alabama Primary,2,45.0,Mar/12/2012 12:40:48
758319,ALABAMA.GINGRICH,Newt Gingrich to win the 2012 Alabama Primary,8,45.0,Mar/12/2012 12:40:48
758319,ALABAMA.GINGRICH,Newt Gingrich to win the 2012 Alabama Primary,10,45.0,Mar/12/2012 12:47:42
758319,ALABAMA.GINGRICH,Newt Gingrich to win the 2012 Alabama Primary,3,45.0,Mar/12/2012 12:48:04
758319,ALABAMA.GINGRICH,Newt Gingrich to win the 2012 Alabama Primary,29,45.0,Mar/12/2012 13:16:38
758319,ALABAMA.GINGRICH,Newt Gingrich to win the 2012 Alabama Primary,5,45.4,Mar/12/2012 13:16:52
758319,ALABAMA.GINGRICH,Newt Gingrich to win the 2012 Alabama Primary,1,45.8,Mar/12/2012 13:17:38
758319,ALABAMA.GINGRICH,Newt Gingrich to win the 2012 Alabama Primary,4,46.0,Mar/12/2012 13:17:47
758319,ALABAMA.GINGRICH,Newt Gingrich to win the 2012 Alabama Primary,5,46.1,Mar/12/2012 13:17:56
758319,ALABAMA.GINGRICH,Newt Gingrich to win the 2012 Alabama Primary,5,47.0,Mar/12/2012 13:18:03
758319,ALABAMA.GINGRICH,Newt Gingrich to win the 2012 Alabama Primary,4,49.0,Mar/12/2012 13:18:16
758319,ALABAMA.GINGRICH,Newt Gingrich to win the 2012 Alabama Primary,5,48.0,Mar/12/2012 13:18:16
758319,ALABAMA.GINGRICH,Newt Gingrich to win the 2012 Alabama Primary,50,49.0,Mar/12/2012 13:18:16
758319,ALABAMA.GINGRICH,Newt Gingrich to win the 2012 Alabama Primary,40,49.0,Mar/12/2012 13:18:16
758319,ALABAMA.GINGRICH,Newt Gingrich to win the 2012 Alabama Primary,5,47.0,Mar/12/2012 13:18:16
758319,ALABAMA.GINGRICH,Newt Gingrich to win the 2012 Alabama Primary,5,47.0,Mar/12/2012 13:18:23
758319,ALABAMA.GINGRICH,Newt Gingrich to win the 2012 Alabama Primary,5,47.7,Mar/12/2012 13:18:41
758319,ALABAMA.GINGRICH,Newt Gingrich to win the 2012 Alabama Primary,10,49.0,Mar/12/2012 13:18:51
758319,ALABAMA.GINGRICH,Newt Gingrich to win the 2012 Alabama Primary,95,49.5,Mar/12/2012 13:19:01
758319,ALABAMA.GINGRICH,Newt Gingrich to win the 2012 Alabama Primary,5,49.0,Mar/12/2012 13:19:01
758319,ALABAMA.GINGRICH,Newt Gingrich to win the 2012 Alabama Primary,5,49.0,Mar/12/2012 13:19:17
758319,ALABAMA.GINGRICH,Newt Gingrich to win the 2012 Alabama Primary,5,49.5,Mar/12/2012 13:24:33
758319,ALABAMA.GINGRICH,Newt Gingrich to win the 2012 Alabama Primary,50,50.0,Mar/12/2012 13:24:38
758319,ALABAMA.GINGRICH,Newt Gingrich to win the 2012 Alabama Primary,50,50.0,Mar/12/2012 13:24:38
758319,ALABAMA.GINGRICH,Newt Gingrich to win the 2012 Alabama Primary,5,49.5,Mar/12/2012 13:24:46
758319,ALABAMA.GINGRICH,Newt Gingrich to win the 2012 Alabama Primary,10,45.0,Mar/12/2012 13:40:25
758319,ALABAMA.GINGRICH,Newt Gingrich to win the 2012 Alabama Primary,10,43.0,Mar/12/2012 14:02:56
758319,ALABAMA.GINGRICH,Newt Gingrich to win the 2012 Alabama Primary,1,43.1,Mar/12/2012 14:05:49
758319,ALABAMA.GINGRICH,Newt Gingrich to win the 2012 Alabama Primary,40,43.5,Mar/12/2012 14:07:10
758319,ALABAMA.GINGRICH,Newt Gingrich to win the 2012 Alabama Primary,40,43.5,Mar/12/2012 14:11:04
758319,ALABAMA.GINGRICH,Newt Gingrich to win the 2012 Alabama Primary,1,49.8,Mar/12/2012 14:16:14
758319,ALABAMA.GINGRICH,Newt Gingrich to win the 2012 Alabama Primary,1,49.9,Mar/12/2012 14:16:40
758319,ALABAMA.GINGRICH,Newt Gingrich to win the 2012 Alabama Primary,2,49.9,Mar/12/2012 14:16:40
758319,ALABAMA.GINGRICH,Newt Gingrich to win the 2012 Alabama Primary,15,50.0,Mar/12/2012 14:17:13
758319,ALABAMA.GINGRICH,Newt Gingrich to win the 2012 Alabama Primary,1,49.9,Mar/12/2012 14:17:16
758319,ALABAMA.GINGRICH,Newt Gingrich to win the 2012 Alabama Primary,3,43.6,Mar/12/2012 14:18:22
758319,ALABAMA.GINGRICH,Newt Gingrich to win the 2012 Alabama Primary,1,44.1,Mar/12/2012 14:32:56
758319,ALABAMA.GINGRICH,Newt Gingrich to win the 2012 Alabama Primary,10,44.1,Mar/12/2012 14:32:56
758319,ALABAMA.GINGRICH,Newt Gingrich to win the 2012 Alabama Primary,6,44.0,Mar/12/2012 14:33:40
758319,ALABAMA.GINGRICH,Newt Gingrich to win the 2012 Alabama Primary,1,49.8,Mar/12/2012 14:41:31
758319,ALABAMA.GINGRICH,Newt Gingrich to win the 2012 Alabama Primary,3,49.9,Mar/12/2012 14:49:09
758319,ALABAMA.GINGRICH,Newt Gingrich to win the 2012 Alabama Primary,2,50.0,Mar/12/2012 14:49:22
758319,ALABAMA.GINGRICH,Newt Gingrich to win the 2012 Alabama Primary,2,50.0,Mar/12/2012 14:52:23
758319,ALABAMA.GINGRICH,Newt Gingrich to win the 2012 Alabama Primary,5,49.0,Mar/12/2012 15:15:28
758319,ALABAMA.GINGRICH,Newt Gingrich to win the 2012 Alabama Primary,5,46.0,Mar/12/2012 15:16:01
758319,ALABAMA.GINGRICH,Newt Gingrich to win the 2012 Alabama Primary,81,50.0,Mar/12/2012 15:16:01
758319,ALABAMA.GINGRICH,Newt Gingrich to win the 2012 Alabama Primary,1,49.9,Mar/12/2012 15:16:01
758319,ALABAMA.GINGRICH,Newt Gingrich to win the 2012 Alabama Primary,5,49.0,Mar/12/2012 15:16:01
758319,ALABAMA.GINGRICH,Newt Gingrich to win the 2012 Alabama Primary,1,46.0,Mar/12/2012 15:19:42
758319,ALABAMA.GINGRICH,Newt Gingrich to win the 2012 Alabama Primary,100,50.0,Mar/12/2012 15:23:38
758319,ALABAMA.GINGRICH,Newt Gingrich to win the 2012 Alabama Primary,1,51.9,Mar/12/2012 15:24:24
758319,ALABAMA.GINGRICH,Newt Gingrich to win the 2012 Alabama Primary,5,46.1,Mar/12/2012 15:28:40
758319,ALABAMA.GINGRICH,Newt Gingrich to win the 2012 Alabama Primary,1,46.2,Mar/12/2012 15:28:40
758319,ALABAMA.GINGRICH,Newt Gingrich to win the 2012 Alabama Primary,100,50.0,Mar/12/2012 15:32:52
758319,ALABAMA.GINGRICH,Newt Gingrich to win the 2012 Alabama Primary,1,46.1,Mar/12/2012 15:33:17
758319,ALABAMA.GINGRICH,Newt Gingrich to win the 2012 Alabama Primary,100,50.0,Mar/12/2012 15:40:35
758319,ALABAMA.GINGRICH,Newt Gingrich to win the 2012 Alabama Primary,1,48.0,Mar/12/2012 15:53:53
758319,ALABAMA.GINGRICH,Newt Gingrich to win the 2012 Alabama Primary,50,50.0,Mar/12/2012 15:54:55
758319,ALABAMA.GINGRICH,Newt Gingrich to win the 2012 Alabama Primary,25,50.0,Mar/12/2012 15:56:19
758319,ALABAMA.GINGRICH,Newt Gingrich to win the 2012 Alabama Primary,25,50.0,Mar/12/2012 15:57:15
758319,ALABAMA.GINGRICH,Newt Gingrich to win the 2012 Alabama Primary,5,48.0,Mar/12/2012 16:16:40
758319,ALABAMA.GINGRICH,Newt Gingrich to win the 2012 Alabama Primary,89,46.1,Mar/12/2012 16:20:23
758319,ALABAMA.GINGRICH,Newt Gingrich to win the 2012 Alabama Primary,71,46.2,Mar/12/2012 16:20:23
758319,ALABAMA.GINGRICH,Newt Gingrich to win the 2012 Alabama Primary,3,46.3,Mar/12/2012 16:20:23
758319,ALABAMA.GINGRICH,Newt Gingrich to win the 2012 Alabama Primary,22,48.0,Mar/12/2012 16:20:23
758319,ALABAMA.GINGRICH,Newt Gingrich to win the 2012 Alabama Primary,9,50.0,Mar/12/2012 16:23:00
758319,ALABAMA.GINGRICH,Newt Gingrich to win the 2012 Alabama Primary,2,50.0,Mar/12/2012 16:25:16
758319,ALABAMA.GINGRICH,Newt Gingrich to win the 2012 Alabama Primary,70,50.0,Mar/12/2012 16:42:30
758319,ALABAMA.GINGRICH,Newt Gingrich to win the 2012 Alabama Primary,19,50.0,Mar/12/2012 16:45:38
758319,ALABAMA.GINGRICH,Newt Gingrich to win the 2012 Alabama Primary,10,50.0,Mar/12/2012 17:22:49
758319,ALABAMA.GINGRICH,Newt Gingrich to win the 2012 Alabama Primary,1,53.9,Mar/12/2012 17:34:38
758319,ALABAMA.GINGRICH,Newt Gingrich to win the 2012 Alabama Primary,2,54.0,Mar/12/2012 17:34:38
758319,ALABAMA.GINGRICH,Newt Gingrich to win the 2012 Alabama Primary,1,53.8,Mar/12/2012 17:34:38
758319,ALABAMA.GINGRICH,Newt Gingrich to win the 2012 Alabama Primary,1,51.6,Mar/12/2012 17:34:38
758319,ALABAMA.GINGRICH,Newt Gingrich to win the 2012 Alabama Primary,1,53.9,Mar/12/2012 17:39:08
758319,ALABAMA.GINGRICH,Newt Gingrich to win the 2012 Alabama Primary,2,53.9,Mar/12/2012 17:54:27
758319,ALABAMA.GINGRICH,Newt Gingrich to win the 2012 Alabama Primary,28,54.0,Mar/12/2012 17:54:27
758319,ALABAMA.GINGRICH,Newt Gingrich to win the 2012 Alabama Primary,2,50.5,Mar/12/2012 18:00:08
758319,ALABAMA.GINGRICH,Newt Gingrich to win the 2012 Alabama Primary,3,50.4,Mar/12/2012 18:00:33
758319,ALABAMA.GINGRICH,Newt Gingrich to win the 2012 Alabama Primary,1,50.1,Mar/12/2012 18:00:49
758319,ALABAMA.GINGRICH,Newt Gingrich to win the 2012 Alabama Primary,10,50.0,Mar/12/2012 18:01:04
758319,ALABAMA.GINGRICH,Newt Gingrich to win the 2012 Alabama Primary,5,54.0,Mar/12/2012 18:03:07
758319,ALABAMA.GINGRICH,Newt Gingrich to win the 2012 Alabama Primary,1,54.0,Mar/12/2012 18:14:17
758319,ALABAMA.GINGRICH,Newt Gingrich to win the 2012 Alabama Primary,3,53.9,Mar/12/2012 18:14:17
758319,ALABAMA.GINGRICH,Newt Gingrich to win the 2012 Alabama Primary,64,54.0,Mar/12/2012 18:14:32
758319,ALABAMA.GINGRICH,Newt Gingrich to win the 2012 Alabama Primary,80,54.5,Mar/12/2012 18:14:40
758319,ALABAMA.GINGRICH,Newt Gingrich to win the 2012 Alabama Primary,5,59.9,Mar/12/2012 18:16:40
758319,ALABAMA.GINGRICH,Newt Gingrich to win the 2012 Alabama Primary,9,55.0,Mar/12/2012 18:16:51
758319,ALABAMA.GINGRICH,Newt Gingrich to win the 2012 Alabama Primary,5,60.0,Mar/12/2012 18:16:53
758319,ALABAMA.GINGRICH,Newt Gingrich to win the 2012 Alabama Primary,5,59.9,Mar/12/2012 18:26:21
758319,ALABAMA.GINGRICH,Newt Gingrich to win the 2012 Alabama Primary,5,59.9,Mar/12/2012 18:33:40
758319,ALABAMA.GINGRICH,Newt Gingrich to win the 2012 Alabama Primary,95,60.0,Mar/12/2012 18:33:45
758319,ALABAMA.GINGRICH,Newt Gingrich to win the 2012 Alabama Primary,6,57.0,Mar/12/2012 18:41:02
758319,ALABAMA.GINGRICH,Newt Gingrich to win the 2012 Alabama Primary,8,57.1,Mar/12/2012 18:41:02
758319,ALABAMA.GINGRICH,Newt Gingrich to win the 2012 Alabama Primary,3,63.9,Mar/12/2012 18:45:46
758319,ALABAMA.GINGRICH,Newt Gingrich to win the 2012 Alabama Primary,1,64.9,Mar/12/2012 18:45:51
758319,ALABAMA.GINGRICH,Newt Gingrich to win the 2012 Alabama Primary,3,64.9,Mar/12/2012 18:45:51
758319,ALABAMA.GINGRICH,Newt Gingrich to win the 2012 Alabama Primary,100,65.0,Mar/12/2012 18:45:55
758319,ALABAMA.GINGRICH,Newt Gingrich to win the 2012 Alabama Primary,100,66.0,Mar/12/2012 18:46:14
758319,ALABAMA.GINGRICH,Newt Gingrich to win the 2012 Alabama Primary,5,66.6,Mar/12/2012 18:46:34
758319,ALABAMA.GINGRICH,Newt Gingrich to win the 2012 Alabama Primary,97,67.0,Mar/12/2012 18:46:47
758319,ALABAMA.GINGRICH,Newt Gingrich to win the 2012 Alabama Primary,3,66.9,Mar/12/2012 18:46:47
758319,ALABAMA.GINGRICH,Newt Gingrich to win the 2012 Alabama Primary,2,67.0,Mar/12/2012 18:46:54
758319,ALABAMA.GINGRICH,Newt Gingrich to win the 2012 Alabama Primary,4,65.0,Mar/12/2012 18:48:49
758319,ALABAMA.GINGRICH,Newt Gingrich to win the 2012 Alabama Primary,2,66.0,Mar/12/2012 18:58:54
758319,ALABAMA.GINGRICH,Newt Gingrich to win the 2012 Alabama Primary,15,62.0,Mar/12/2012 19:02:31
758319,ALABAMA.GINGRICH,Newt Gingrich to win the 2012 Alabama Primary,1,62.1,Mar/12/2012 19:07:30
758319,ALABAMA.GINGRICH,Newt Gingrich to win the 2012 Alabama Primary,1,62.2,Mar/12/2012 19:12:38
758319,ALABAMA.GINGRICH,Newt Gingrich to win the 2012 Alabama Primary,8,62.1,Mar/12/2012 19:12:56
758319,ALABAMA.GINGRICH,Newt Gingrich to win the 2012 Alabama Primary,5,62.0,Mar/12/2012 19:13:20
758319,ALABAMA.GINGRICH,Newt Gingrich to win the 2012 Alabama Primary,1,60.1,Mar/12/2012 19:14:26
758319,ALABAMA.GINGRICH,Newt Gingrich to win the 2012 Alabama Primary,4,66.0,Mar/12/2012 19:30:01
758319,ALABAMA.GINGRICH,Newt Gingrich to win the 2012 Alabama Primary,3,65.9,Mar/12/2012 19:30:01
758319,ALABAMA.GINGRICH,Newt Gingrich to win the 2012 Alabama Primary,3,62.2,Mar/12/2012 19:42:26
758319,ALABAMA.GINGRICH,Newt Gingrich to win the 2012 Alabama Primary,2,62.2,Mar/12/2012 19:42:26
758319,ALABAMA.GINGRICH,Newt Gingrich to win the 2012 Alabama Primary,1,62.2,Mar/12/2012 19:43:03
758319,ALABAMA.GINGRICH,Newt Gingrich to win the 2012 Alabama Primary,1,62.0,Mar/12/2012 19:59:26
758319,ALABAMA.GINGRICH,Newt Gingrich to win the 2012 Alabama Primary,1,62.0,Mar/12/2012 19:59:57
758319,ALABAMA.GINGRICH,Newt Gingrich to win the 2012 Alabama Primary,1,62.0,Mar/12/2012 20:00:21
758319,ALABAMA.GINGRICH,Newt Gingrich to win the 2012 Alabama Primary,1,62.0,Mar/12/2012 20:00:58
758319,ALABAMA.GINGRICH,Newt Gingrich to win the 2012 Alabama Primary,1,62.0,Mar/12/2012 20:01:21
758319,ALABAMA.GINGRICH,Newt Gingrich to win the 2012 Alabama Primary,1,62.1,Mar/12/2012 20:04:08
758319,ALABAMA.GINGRICH,Newt Gingrich to win the 2012 Alabama Primary,1,62.1,Mar/12/2012 20:05:32
758319,ALABAMA.GINGRICH,Newt Gingrich to win the 2012 Alabama Primary,5,62.1,Mar/12/2012 20:11:39
758319,ALABAMA.GINGRICH,Newt Gingrich to win the 2012 Alabama Primary,5,63.9,Mar/12/2012 20:26:49
758319,ALABAMA.GINGRICH,Newt Gingrich to win the 2012 Alabama Primary,6,62.1,Mar/12/2012 20:31:44
758319,ALABAMA.GINGRICH,Newt Gingrich to win the 2012 Alabama Primary,2,62.0,Mar/12/2012 20:39:35
758319,ALABAMA.GINGRICH,Newt Gingrich to win the 2012 Alabama Primary,31,62.1,Mar/12/2012 20:42:42
758319,ALABAMA.GINGRICH,Newt Gingrich to win the 2012 Alabama Primary,4,60.0,Mar/12/2012 20:55:21
758319,ALABAMA.GINGRICH,Newt Gingrich to win the 2012 Alabama Primary,1,60.5,Mar/12/2012 20:55:21
758319,ALABAMA.GINGRICH,Newt Gingrich to win the 2012 Alabama Primary,5,60.0,Mar/12/2012 21:00:50
758319,ALABAMA.GINGRICH,Newt Gingrich to win the 2012 Alabama Primary,1,60.9,Mar/12/2012 21:32:14
758319,ALABAMA.GINGRICH,Newt Gingrich to win the 2012 Alabama Primary,7,60.5,Mar/12/2012 21:38:31
758319,ALABAMA.GINGRICH,Newt Gingrich to win the 2012 Alabama Primary,1,60.9,Mar/12/2012 21:54:42
758319,ALABAMA.GINGRICH,Newt Gingrich to win the 2012 Alabama Primary,1,60.9,Mar/12/2012 21:54:42
758319,ALABAMA.GINGRICH,Newt Gingrich to win the 2012 Alabama Primary,1,61.0,Mar/12/2012 21:56:52
758319,ALABAMA.GINGRICH,Newt Gingrich to win the 2012 Alabama Primary,9,61.0,Mar/12/2012 21:57:49
758319,ALABAMA.GINGRICH,Newt Gingrich to win the 2012 Alabama Primary,31,60.0,Mar/12/2012 22:03:56
758319,ALABAMA.GINGRICH,Newt Gingrich to win the 2012 Alabama Primary,20,60.0,Mar/12/2012 23:05:16
758319,ALABAMA.GINGRICH,Newt Gingrich to win the 2012 Alabama Primary,4,60.0,Mar/12/2012 23:55:53
758319,ALABAMA.GINGRICH,Newt Gingrich to win the 2012 Alabama Primary,1,60.5,Mar/12/2012 23:55:53
758319,ALABAMA.GINGRICH,Newt Gingrich to win the 2012 Alabama Primary,2,60.0,Mar/12/2012 23:56:15
758319,ALABAMA.GINGRICH,Newt Gingrich to win the 2012 Alabama Primary,14,60.0,Mar/12/2012 23:58:07
758319,ALABAMA.GINGRICH,Newt Gingrich to win the 2012 Alabama Primary,6,60.0,Mar/12/2012 23:58:07
758319,ALABAMA.GINGRICH,Newt Gingrich to win the 2012 Alabama Primary,5,60.0,Mar/13/2012 00:01:00
758319,ALABAMA.GINGRICH,Newt Gingrich to win the 2012 Alabama Primary,9,60.0,Mar/13/2012 00:03:41
758319,ALABAMA.GINGRICH,Newt Gingrich to win the 2012 Alabama Primary,5,60.0,Mar/13/2012 00:08:03
758319,ALABAMA.GINGRICH,Newt Gingrich to win the 2012 Alabama Primary,10,58.0,Mar/13/2012 00:35:20
758319,ALABAMA.GINGRICH,Newt Gingrich to win the 2012 Alabama Primary,5,58.0,Mar/13/2012 00:35:20
758319,ALABAMA.GINGRICH,Newt Gingrich to win the 2012 Alabama Primary,5,56.4,Mar/13/2012 01:00:06
758319,ALABAMA.GINGRICH,Newt Gingrich to win the 2012 Alabama Primary,3,56.4,Mar/13/2012 01:03:07
758319,ALABAMA.GINGRICH,Newt Gingrich to win the 2012 Alabama Primary,1,58.0,Mar/13/2012 01:24:10
758319,ALABAMA.GINGRICH,Newt Gingrich to win the 2012 Alabama Primary,1,59.6,Mar/13/2012 01:29:24
758319,ALABAMA.GINGRICH,Newt Gingrich to win the 2012 Alabama Primary,1,59.6,Mar/13/2012 01:29:24
758319,ALABAMA.GINGRICH,Newt Gingrich to win the 2012 Alabama Primary,5,59.7,Mar/13/2012 01:29:54
758319,ALABAMA.GINGRICH,Newt Gingrich to win the 2012 Alabama Primary,2,59.8,Mar/13/2012 01:30:22
758319,ALABAMA.GINGRICH,Newt Gingrich to win the 2012 Alabama Primary,3,59.8,Mar/13/2012 01:31:31
758319,ALABAMA.GINGRICH,Newt Gingrich to win the 2012 Alabama Primary,1,59.9,Mar/13/2012 01:31:38
758319,ALABAMA.GINGRICH,Newt Gingrich to win the 2012 Alabama Primary,1,59.9,Mar/13/2012 01:31:38
758319,ALABAMA.GINGRICH,Newt Gingrich to win the 2012 Alabama Primary,2,59.9,Mar/13/2012 01:32:02
758319,ALABAMA.GINGRICH,Newt Gingrich to win the 2012 Alabama Primary,1,58.0,Mar/13/2012 01:36:20
758319,ALABAMA.GINGRICH,Newt Gingrich to win the 2012 Alabama Primary,5,58.3,Mar/13/2012 01:36:20
758319,ALABAMA.GINGRICH,Newt Gingrich to win the 2012 Alabama Primary,5,58.3,Mar/13/2012 01:36:20
758319,ALABAMA.GINGRICH,Newt Gingrich to win the 2012 Alabama Primary,5,57.5,Mar/13/2012 01:36:46
758319,ALABAMA.GINGRICH,Newt Gingrich to win the 2012 Alabama Primary,2,57.5,Mar/13/2012 01:36:55
758319,ALABAMA.GINGRICH,Newt Gingrich to win the 2012 Alabama Primary,5,57.3,Mar/13/2012 01:38:59
758319,ALABAMA.GINGRICH,Newt Gingrich to win the 2012 Alabama Primary,12,58.0,Mar/13/2012 01:40:09
758319,ALABAMA.GINGRICH,Newt Gingrich to win the 2012 Alabama Primary,2,57.9,Mar/13/2012 01:52:23
758319,ALABAMA.GINGRICH,Newt Gingrich to win the 2012 Alabama Primary,2,58.0,Mar/13/2012 01:52:44
758319,ALABAMA.GINGRICH,Newt Gingrich to win the 2012 Alabama Primary,2,58.0,Mar/13/2012 01:53:19
758319,ALABAMA.GINGRICH,Newt Gingrich to win the 2012 Alabama Primary,10,58.0,Mar/13/2012 01:57:54
758319,ALABAMA.GINGRICH,Newt Gingrich to win the 2012 Alabama Primary,13,58.0,Mar/13/2012 01:59:12
758319,ALABAMA.GINGRICH,Newt Gingrich to win the 2012 Alabama Primary,1,57.1,Mar/13/2012 02:32:35
758319,ALABAMA.GINGRICH,Newt Gingrich to win the 2012 Alabama Primary,4,58.9,Mar/13/2012 02:45:45
758319,ALABAMA.GINGRICH,Newt Gingrich to win the 2012 Alabama Primary,6,58.9,Mar/13/2012 02:52:17
758319,ALABAMA.GINGRICH,Newt Gingrich to win the 2012 Alabama Primary,5,58.9,Mar/13/2012 03:11:15
758319,ALABAMA.GINGRICH,Newt Gingrich to win the 2012 Alabama Primary,3,58.9,Mar/13/2012 03:13:43
758319,ALABAMA.GINGRICH,Newt Gingrich to win the 2012 Alabama Primary,5,58.9,Mar/13/2012 03:16:53
758319,ALABAMA.GINGRICH,Newt Gingrich to win the 2012 Alabama Primary,5,59.5,Mar/13/2012 03:27:01
758319,ALABAMA.GINGRICH,Newt Gingrich to win the 2012 Alabama Primary,1,59.5,Mar/13/2012 03:28:20
758319,ALABAMA.GINGRICH,Newt Gingrich to win the 2012 Alabama Primary,8,59.5,Mar/13/2012 03:49:10
758319,ALABAMA.GINGRICH,Newt Gingrich to win the 2012 Alabama Primary,1,59.5,Mar/13/2012 03:49:28
758319,ALABAMA.GINGRICH,Newt Gingrich to win the 2012 Alabama Primary,3,58.0,Mar/13/2012 04:05:32
758319,ALABAMA.GINGRICH,Newt Gingrich to win the 2012 Alabama Primary,12,58.0,Mar/13/2012 04:17:00
758319,ALABAMA.GINGRICH,Newt Gingrich to win the 2012 Alabama Primary,15,57.1,Mar/13/2012 04:46:05
758319,ALABAMA.GINGRICH,Newt Gingrich to win the 2012 Alabama Primary,5,57.5,Mar/13/2012 04:46:05
758319,ALABAMA.GINGRICH,Newt Gingrich to win the 2012 Alabama Primary,5,57.5,Mar/13/2012 04:46:05
758319,ALABAMA.GINGRICH,Newt Gingrich to win the 2012 Alabama Primary,35,59.5,Mar/13/2012 05:19:30
758319,ALABAMA.GINGRICH,Newt Gingrich to win the 2012 Alabama Primary,95,60.0,Mar/13/2012 05:19:37
758319,ALABAMA.GINGRICH,Newt Gingrich to win the 2012 Alabama Primary,9,61.1,Mar/13/2012 05:27:33
758319,ALABAMA.GINGRICH,Newt Gingrich to win the 2012 Alabama Primary,10,61.5,Mar/13/2012 05:28:16
758319,ALABAMA.GINGRICH,Newt Gingrich to win the 2012 Alabama Primary,3,62.1,Mar/13/2012 05:28:51
758319,ALABAMA.GINGRICH,Newt Gingrich to win the 2012 Alabama Primary,3,64.8,Mar/13/2012 05:45:30
758319,ALABAMA.GINGRICH,Newt Gingrich to win the 2012 Alabama Primary,5,64.9,Mar/13/2012 05:47:48
758319,ALABAMA.GINGRICH,Newt Gingrich to win the 2012 Alabama Primary,74,64.9,Mar/13/2012 05:47:48
758319,ALABAMA.GINGRICH,Newt Gingrich to win the 2012 Alabama Primary,16,64.9,Mar/13/2012 05:48:16
758319,ALABAMA.GINGRICH,Newt Gingrich to win the 2012 Alabama Primary,10,65.0,Mar/13/2012 06:18:42
758319,ALABAMA.GINGRICH,Newt Gingrich to win the 2012 Alabama Primary,5,64.8,Mar/13/2012 06:18:42
758319,ALABAMA.GINGRICH,Newt Gingrich to win the 2012 Alabama Primary,1,66.0,Mar/13/2012 06:48:42
758319,ALABAMA.GINGRICH,Newt Gingrich to win the 2012 Alabama Primary,1,67.0,Mar/13/2012 06:49:01
758319,ALABAMA.GINGRICH,Newt Gingrich to win the 2012 Alabama Primary,5,67.4,Mar/13/2012 07:29:49
758319,ALABAMA.GINGRICH,Newt Gingrich to win the 2012 Alabama Primary,1,62.5,Mar/13/2012 11:23:26
758319,ALABAMA.GINGRICH,Newt Gingrich to win the 2012 Alabama Primary,4,62.6,Mar/13/2012 11:23:26
758319,ALABAMA.GINGRICH,Newt Gingrich to win the 2012 Alabama Primary,4,66.3,Mar/13/2012 12:06:23
758319,ALABAMA.GINGRICH,Newt Gingrich to win the 2012 Alabama Primary,1,66.2,Mar/13/2012 12:06:23
758319,ALABAMA.GINGRICH,Newt Gingrich to win the 2012 Alabama Primary,5,66.1,Mar/13/2012 12:06:23
758319,ALABAMA.GINGRICH,Newt Gingrich to win the 2012 Alabama Primary,5,66.1,Mar/13/2012 12:45:13
758319,ALABAMA.GINGRICH,Newt Gingrich to win the 2012 Alabama Primary,1,62.6,Mar/13/2012 13:54:56
758319,ALABAMA.GINGRICH,Newt Gingrich to win the 2012 Alabama Primary,2,62.5,Mar/13/2012 13:55:07
758319,ALABAMA.GINGRICH,Newt Gingrich to win the 2012 Alabama Primary,50,62.0,Mar/13/2012 13:55:36
758319,ALABAMA.GINGRICH,Newt Gingrich to win the 2012 Alabama Primary,4,65.0,Mar/13/2012 14:25:50
758319,ALABAMA.GINGRICH,Newt Gingrich to win the 2012 Alabama Primary,1,60.7,Mar/13/2012 14:46:13
758319,ALABAMA.GINGRICH,Newt Gingrich to win the 2012 Alabama Primary,5,60.6,Mar/13/2012 14:46:25
758319,ALABAMA.GINGRICH,Newt Gingrich to win the 2012 Alabama Primary,1,60.6,Mar/13/2012 14:46:38
758319,ALABAMA.GINGRICH,Newt Gingrich to win the 2012 Alabama Primary,1,62.5,Mar/13/2012 14:57:42
758319,ALABAMA.GINGRICH,Newt Gingrich to win the 2012 Alabama Primary,1,62.5,Mar/13/2012 14:57:52
758319,ALABAMA.GINGRICH,Newt Gingrich to win the 2012 Alabama Primary,5,62.5,Mar/13/2012 15:20:20
758319,ALABAMA.GINGRICH,Newt Gingrich to win the 2012 Alabama Primary,3,60.6,Mar/13/2012 15:22:29
758319,ALABAMA.GINGRICH,Newt Gingrich to win the 2012 Alabama Primary,2,62.5,Mar/13/2012 15:22:29
758319,ALABAMA.GINGRICH,Newt Gingrich to win the 2012 Alabama Primary,5,60.6,Mar/13/2012 15:30:38
758319,ALABAMA.GINGRICH,Newt Gingrich to win the 2012 Alabama Primary,5,60.6,Mar/13/2012 15:30:42
758319,ALABAMA.GINGRICH,Newt Gingrich to win the 2012 Alabama Primary,23,60.6,Mar/13/2012 16:04:53
758319,ALABAMA.GINGRICH,Newt Gingrich to win the 2012 Alabama Primary,5,62.5,Mar/13/2012 16:29:41
758319,ALABAMA.GINGRICH,Newt Gingrich to win the 2012 Alabama Primary,1,62.5,Mar/13/2012 16:35:24
758319,ALABAMA.GINGRICH,Newt Gingrich to win the 2012 Alabama Primary,1,62.5,Mar/13/2012 16:37:31
758319,ALABAMA.GINGRICH,Newt Gingrich to win the 2012 Alabama Primary,5,62.5,Mar/13/2012 16:43:58
758319,ALABAMA.GINGRICH,Newt Gingrich to win the 2012 Alabama Primary,5,62.5,Mar/13/2012 16:44:13
758319,ALABAMA.GINGRICH,Newt Gingrich to win the 2012 Alabama Primary,5,62.5,Mar/13/2012 16:44:29
758319,ALABAMA.GINGRICH,Newt Gingrich to win the 2012 Alabama Primary,5,62.5,Mar/13/2012 16:44:47
758319,ALABAMA.GINGRICH,Newt Gingrich to win the 2012 Alabama Primary,5,62.5,Mar/13/2012 16:45:21
758319,ALABAMA.GINGRICH,Newt Gingrich to win the 2012 Alabama Primary,5,62.5,Mar/13/2012 16:45:37
758319,ALABAMA.GINGRICH,Newt Gingrich to win the 2012 Alabama Primary,5,62.6,Mar/13/2012 16:51:33
758319,ALABAMA.GINGRICH,Newt Gingrich to win the 2012 Alabama Primary,5,62.6,Mar/13/2012 16:54:35
758319,ALABAMA.GINGRICH,Newt Gingrich to win the 2012 Alabama Primary,68,60.6,Mar/13/2012 17:01:48
758319,ALABAMA.GINGRICH,Newt Gingrich to win the 2012 Alabama Primary,53,60.0,Mar/13/2012 17:01:48
758319,ALABAMA.GINGRICH,Newt Gingrich to win the 2012 Alabama Primary,4,60.0,Mar/13/2012 17:08:45
758319,ALABAMA.GINGRICH,Newt Gingrich to win the 2012 Alabama Primary,25,60.0,Mar/13/2012 17:09:25
758319,ALABAMA.GINGRICH,Newt Gingrich to win the 2012 Alabama Primary,10,60.0,Mar/13/2012 17:09:25
758319,ALABAMA.GINGRICH,Newt Gingrich to win the 2012 Alabama Primary,50,60.0,Mar/13/2012 17:11:34
758319,ALABAMA.GINGRICH,Newt Gingrich to win the 2012 Alabama Primary,1,63.4,Mar/13/2012 17:19:53
758319,ALABAMA.GINGRICH,Newt Gingrich to win the 2012 Alabama Primary,10,63.5,Mar/13/2012 17:20:40
758319,ALABAMA.GINGRICH,Newt Gingrich to win the 2012 Alabama Primary,1,63.4,Mar/13/2012 17:21:10
758319,ALABAMA.GINGRICH,Newt Gingrich to win the 2012 Alabama Primary,50,63.0,Mar/13/2012 17:22:22
758319,ALABAMA.GINGRICH,Newt Gingrich to win the 2012 Alabama Primary,3,62.9,Mar/13/2012 17:23:59
758319,ALABAMA.GINGRICH,Newt Gingrich to win the 2012 Alabama Primary,20,60.0,Mar/13/2012 17:24:58
758319,ALABAMA.GINGRICH,Newt Gingrich to win the 2012 Alabama Primary,30,60.0,Mar/13/2012 17:25:23
758319,ALABAMA.GINGRICH,Newt Gingrich to win the 2012 Alabama Primary,50,63.0,Mar/13/2012 17:25:25
758319,ALABAMA.GINGRICH,Newt Gingrich to win the 2012 Alabama Primary,2,58.1,Mar/13/2012 17:32:27
758319,ALABAMA.GINGRICH,Newt Gingrich to win the 2012 Alabama Primary,1,62.9,Mar/13/2012 17:35:48
758319,ALABAMA.GINGRICH,Newt Gingrich to win the 2012 Alabama Primary,3,62.9,Mar/13/2012 17:36:33
758319,ALABAMA.GINGRICH,Newt Gingrich to win the 2012 Alabama Primary,1,58.6,Mar/13/2012 17:37:26
758319,ALABAMA.GINGRICH,Newt Gingrich to win the 2012 Alabama Primary,4,58.7,Mar/13/2012 17:37:26
758319,ALABAMA.GINGRICH,Newt Gingrich to win the 2012 Alabama Primary,5,58.5,Mar/13/2012 17:37:48
758319,ALABAMA.GINGRICH,Newt Gingrich to win the 2012 Alabama Primary,3,60.5,Mar/13/2012 17:41:43
758319,ALABAMA.GINGRICH,Newt Gingrich to win the 2012 Alabama Primary,47,60.0,Mar/13/2012 17:43:11
758319,ALABAMA.GINGRICH,Newt Gingrich to win the 2012 Alabama Primary,1,58.5,Mar/13/2012 17:43:28
758319,ALABAMA.GINGRICH,Newt Gingrich to win the 2012 Alabama Primary,17,59.0,Mar/13/2012 17:47:21
758319,ALABAMA.GINGRICH,Newt Gingrich to win the 2012 Alabama Primary,3,59.0,Mar/13/2012 18:00:46
758319,ALABAMA.GINGRICH,Newt Gingrich to win the 2012 Alabama Primary,1,59.0,Mar/13/2012 18:12:48
758319,ALABAMA.GINGRICH,Newt Gingrich to win the 2012 Alabama Primary,1,62.0,Mar/13/2012 18:18:45
758319,ALABAMA.GINGRICH,Newt Gingrich to win the 2012 Alabama Primary,4,60.0,Mar/13/2012 18:22:07
758319,ALABAMA.GINGRICH,Newt Gingrich to win the 2012 Alabama Primary,1,60.0,Mar/13/2012 18:22:59
758319,ALABAMA.GINGRICH,Newt Gingrich to win the 2012 Alabama Primary,1,60.0,Mar/13/2012 18:25:21
758319,ALABAMA.GINGRICH,Newt Gingrich to win the 2012 Alabama Primary,10,60.0,Mar/13/2012 18:29:36
758319,ALABAMA.GINGRICH,Newt Gingrich to win the 2012 Alabama Primary,9,62.0,Mar/13/2012 18:36:57
758319,ALABAMA.GINGRICH,Newt Gingrich to win the 2012 Alabama Primary,5,62.5,Mar/13/2012 18:37:15
758319,ALABAMA.GINGRICH,Newt Gingrich to win the 2012 Alabama Primary,10,62.5,Mar/13/2012 18:38:09
758319,ALABAMA.GINGRICH,Newt Gingrich to win the 2012 Alabama Primary,10,62.5,Mar/13/2012 18:38:22
758319,ALABAMA.GINGRICH,Newt Gingrich to win the 2012 Alabama Primary,10,62.5,Mar/13/2012 18:38:37
758319,ALABAMA.GINGRICH,Newt Gingrich to win the 2012 Alabama Primary,10,62.5,Mar/13/2012 18:39:16
758319,ALABAMA.GINGRICH,Newt Gingrich to win the 2012 Alabama Primary,4,62.5,Mar/13/2012 18:41:18
758319,ALABAMA.GINGRICH,Newt Gingrich to win the 2012 Alabama Primary,5,63.0,Mar/13/2012 18:55:37
758319,ALABAMA.GINGRICH,Newt Gingrich to win the 2012 Alabama Primary,1,62.8,Mar/13/2012 18:55:37
758319,ALABAMA.GINGRICH,Newt Gingrich to win the 2012 Alabama Primary,1,62.5,Mar/13/2012 18:55:37
758319,ALABAMA.GINGRICH,Newt Gingrich to win the 2012 Alabama Primary,3,62.4,Mar/13/2012 18:55:37
758319,ALABAMA.GINGRICH,Newt Gingrich to win the 2012 Alabama Primary,10,60.0,Mar/13/2012 18:57:47
758319,ALABAMA.GINGRICH,Newt Gingrich to win the 2012 Alabama Primary,3,60.0,Mar/13/2012 18:58:25
758319,ALABAMA.GINGRICH,Newt Gingrich to win the 2012 Alabama Primary,45,63.0,Mar/13/2012 19:01:57
758319,ALABAMA.GINGRICH,Newt Gingrich to win the 2012 Alabama Primary,17,64.0,Mar/13/2012 19:09:21
758319,ALABAMA.GINGRICH,Newt Gingrich to win the 2012 Alabama Primary,3,63.9,Mar/13/2012 19:09:21
758319,ALABAMA.GINGRICH,Newt Gingrich to win the 2012 Alabama Primary,10,64.0,Mar/13/2012 19:09:52
758319,ALABAMA.GINGRICH,Newt Gingrich to win the 2012 Alabama Primary,3,62.9,Mar/13/2012 19:14:32
758319,ALABAMA.GINGRICH,Newt Gingrich to win the 2012 Alabama Primary,5,60.6,Mar/13/2012 19:16:12
758319,ALABAMA.GINGRICH,Newt Gingrich to win the 2012 Alabama Primary,1,60.6,Mar/13/2012 19:17:16
758319,ALABAMA.GINGRICH,Newt Gingrich to win the 2012 Alabama Primary,5,60.6,Mar/13/2012 19:26:11
758319,ALABAMA.GINGRICH,Newt Gingrich to win the 2012 Alabama Primary,15,60.6,Mar/13/2012 19:29:45
758319,ALABAMA.GINGRICH,Newt Gingrich to win the 2012 Alabama Primary,10,60.5,Mar/13/2012 19:29:59
758319,ALABAMA.GINGRICH,Newt Gingrich to win the 2012 Alabama Primary,1,60.0,Mar/13/2012 19:50:16
758319,ALABAMA.GINGRICH,Newt Gingrich to win the 2012 Alabama Primary,20,61.8,Mar/13/2012 20:14:47
758319,ALABAMA.GINGRICH,Newt Gingrich to win the 2012 Alabama Primary,1,63.9,Mar/13/2012 20:16:53
758319,ALABAMA.GINGRICH,Newt Gingrich to win the 2012 Alabama Primary,9,63.9,Mar/13/2012 20:35:55
758319,ALABAMA.GINGRICH,Newt Gingrich to win the 2012 Alabama Primary,1,62.5,Mar/13/2012 20:41:02
758319,ALABAMA.GINGRICH,Newt Gingrich to win the 2012 Alabama Primary,1,63.4,Mar/13/2012 20:50:59
758319,ALABAMA.GINGRICH,Newt Gingrich to win the 2012 Alabama Primary,9,36.0,Mar/13/2012 21:03:10
758319,ALABAMA.GINGRICH,Newt Gingrich to win the 2012 Alabama Primary,16,42.0,Mar/13/2012 21:03:10
758319,ALABAMA.GINGRICH,Newt Gingrich to win the 2012 Alabama Primary,20,58.0,Mar/13/2012 21:03:10
758319,ALABAMA.GINGRICH,Newt Gingrich to win the 2012 Alabama Primary,29,59.0,Mar/13/2012 21:03:10
758319,ALABAMA.GINGRICH,Newt Gingrich to win the 2012 Alabama Primary,6,60.0,Mar/13/2012 21:03:10
758319,ALABAMA.GINGRICH,Newt Gingrich to win the 2012 Alabama Primary,1,60.1,Mar/13/2012 21:03:10
758319,ALABAMA.GINGRICH,Newt Gingrich to win the 2012 Alabama Primary,1,60.5,Mar/13/2012 21:03:10
758319,ALABAMA.GINGRICH,Newt Gingrich to win the 2012 Alabama Primary,2,60.5,Mar/13/2012 21:03:10
758319,ALABAMA.GINGRICH,Newt Gingrich to win the 2012 Alabama Primary,5,58.4,Mar/13/2012 21:03:10
758319,ALABAMA.GINGRICH,Newt Gingrich to win the 2012 Alabama Primary,100,36.0,Mar/13/2012 21:04:04
758319,ALABAMA.GINGRICH,Newt Gingrich to win the 2012 Alabama Primary,11,36.0,Mar/13/2012 21:04:06
758319,ALABAMA.GINGRICH,Newt Gingrich to win the 2012 Alabama Primary,65,25.5,Mar/13/2012 21:08:31
758319,ALABAMA.GINGRICH,Newt Gingrich to win the 2012 Alabama Primary,10,36.1,Mar/13/2012 21:08:31
758319,ALABAMA.GINGRICH,Newt Gingrich to win the 2012 Alabama Primary,20,40.0,Mar/13/2012 21:08:31
758319,ALABAMA.GINGRICH,Newt Gingrich to win the 2012 Alabama Primary,50,37.0,Mar/13/2012 21:08:31
758319,ALABAMA.GINGRICH,Newt Gingrich to win the 2012 Alabama Primary,5,46.0,Mar/13/2012 21:08:31
758319,ALABAMA.GINGRICH,Newt Gingrich to win the 2012 Alabama Primary,3,45.0,Mar/13/2012 21:22:39
758319,ALABAMA.GINGRICH,Newt Gingrich to win the 2012 Alabama Primary,2,45.0,Mar/13/2012 21:23:06
758319,ALABAMA.GINGRICH,Newt Gingrich to win the 2012 Alabama Primary,16,43.0,Mar/13/2012 21:29:48
758319,ALABAMA.GINGRICH,Newt Gingrich to win the 2012 Alabama Primary,1,45.0,Mar/13/2012 21:29:48
758319,ALABAMA.GINGRICH,Newt Gingrich to win the 2012 Alabama Primary,5,43.0,Mar/13/2012 21:29:50
758319,ALABAMA.GINGRICH,Newt Gingrich to win the 2012 Alabama Primary,20,42.0,Mar/13/2012 21:31:26
758319,ALABAMA.GINGRICH,Newt Gingrich to win the 2012 Alabama Primary,9,43.0,Mar/13/2012 21:31:26
758319,ALABAMA.GINGRICH,Newt Gingrich to win the 2012 Alabama Primary,20,33.3,Mar/13/2012 21:36:01
758319,ALABAMA.GINGRICH,Newt Gingrich to win the 2012 Alabama Primary,95,33.0,Mar/13/2012 21:36:01
758319,ALABAMA.GINGRICH,Newt Gingrich to win the 2012 Alabama Primary,50,35.0,Mar/13/2012 21:36:01
758319,ALABAMA.GINGRICH,Newt Gingrich to win the 2012 Alabama Primary,30,37.5,Mar/13/2012 21:36:01
758319,ALABAMA.GINGRICH,Newt Gingrich to win the 2012 Alabama Primary,5,35.9,Mar/13/2012 21:36:01
758319,ALABAMA.GINGRICH,Newt Gingrich to win the 2012 Alabama Primary,4,39.9,Mar/13/2012 21:37:27
758319,ALABAMA.GINGRICH,Newt Gingrich to win the 2012 Alabama Primary,5,35.3,Mar/13/2012 21:37:56
758319,ALABAMA.GINGRICH,Newt Gingrich to win the 2012 Alabama Primary,5,37.5,Mar/13/2012 21:41:22
758319,ALABAMA.GINGRICH,Newt Gingrich to win the 2012 Alabama Primary,5,37.5,Mar/13/2012 21:41:22
758319,ALABAMA.GINGRICH,Newt Gingrich to win the 2012 Alabama Primary,6,37.4,Mar/13/2012 21:41:27
758319,ALABAMA.GINGRICH,Newt Gingrich to win the 2012 Alabama Primary,5,37.4,Mar/13/2012 21:41:53
758319,ALABAMA.GINGRICH,Newt Gingrich to win the 2012 Alabama Primary,10,38.5,Mar/13/2012 21:44:30
758319,ALABAMA.GINGRICH,Newt Gingrich to win the 2012 Alabama Primary,5,38.5,Mar/13/2012 21:45:00
758319,ALABAMA.GINGRICH,Newt Gingrich to win the 2012 Alabama Primary,5,39.8,Mar/13/2012 21:45:11
758319,ALABAMA.GINGRICH,Newt Gingrich to win the 2012 Alabama Primary,5,39.8,Mar/13/2012 21:45:19
758319,ALABAMA.GINGRICH,Newt Gingrich to win the 2012 Alabama Primary,5,39.8,Mar/13/2012 21:45:26
758319,ALABAMA.GINGRICH,Newt Gingrich to win the 2012 Alabama Primary,2,33.0,Mar/13/2012 21:45:27
758319,ALABAMA.GINGRICH,Newt Gingrich to win the 2012 Alabama Primary,15,37.0,Mar/13/2012 21:45:27
758319,ALABAMA.GINGRICH,Newt Gingrich to win the 2012 Alabama Primary,10,38.0,Mar/13/2012 21:45:27
758319,ALABAMA.GINGRICH,Newt Gingrich to win the 2012 Alabama Primary,5,38.5,Mar/13/2012 21:45:27
758319,ALABAMA.GINGRICH,Newt Gingrich to win the 2012 Alabama Primary,1,25.1,Mar/13/2012 21:45:34
758319,ALABAMA.GINGRICH,Newt Gingrich to win the 2012 Alabama Primary,5,33.0,Mar/13/2012 21:45:38
758319,ALABAMA.GINGRICH,Newt Gingrich to win the 2012 Alabama Primary,2,25.1,Mar/13/2012 21:45:43
758319,ALABAMA.GINGRICH,Newt Gingrich to win the 2012 Alabama Primary,5,33.0,Mar/13/2012 21:45:43
758319,ALABAMA.GINGRICH,Newt Gingrich to win the 2012 Alabama Primary,10,26.0,Mar/13/2012 21:48:32
758319,ALABAMA.GINGRICH,Newt Gingrich to win the 2012 Alabama Primary,100,26.0,Mar/13/2012 21:48:32
758319,ALABAMA.GINGRICH,Newt Gingrich to win the 2012 Alabama Primary,10,26.5,Mar/13/2012 21:48:32
758319,ALABAMA.GINGRICH,Newt Gingrich to win the 2012 Alabama Primary,75,25.5,Mar/13/2012 21:48:32
758319,ALABAMA.GINGRICH,Newt Gingrich to win the 2012 Alabama Primary,15,27.0,Mar/13/2012 21:48:32
758319,ALABAMA.GINGRICH,Newt Gingrich to win the 2012 Alabama Primary,5,25.5,Mar/13/2012 21:49:18
758319,ALABAMA.GINGRICH,Newt Gingrich to win the 2012 Alabama Primary,2,25.5,Mar/13/2012 21:49:48
758319,ALABAMA.GINGRICH,Newt Gingrich to win the 2012 Alabama Primary,10,25.5,Mar/13/2012 21:51:37
758319,ALABAMA.GINGRICH,Newt Gingrich to win the 2012 Alabama Primary,5,27.9,Mar/13/2012 21:51:37
758319,ALABAMA.GINGRICH,Newt Gingrich to win the 2012 Alabama Primary,2,28.0,Mar/13/2012 21:53:27
758319,ALABAMA.GINGRICH,Newt Gingrich to win the 2012 Alabama Primary,8,28.0,Mar/13/2012 21:53:27
758319,ALABAMA.GINGRICH,Newt Gingrich to win the 2012 Alabama Primary,1,35.0,Mar/13/2012 21:54:27
758319,ALABAMA.GINGRICH,Newt Gingrich to win the 2012 Alabama Primary,4,35.0,Mar/13/2012 21:55:11
758319,ALABAMA.GINGRICH,Newt Gingrich to win the 2012 Alabama Primary,1,29.5,Mar/13/2012 21:55:11
758319,ALABAMA.GINGRICH,Newt Gingrich to win the 2012 Alabama Primary,3,29.5,Mar/13/2012 21:58:21
758319,ALABAMA.GINGRICH,Newt Gingrich to win the 2012 Alabama Primary,10,35.0,Mar/13/2012 21:58:46
758319,ALABAMA.GINGRICH,Newt Gingrich to win the 2012 Alabama Primary,5,34.5,Mar/13/2012 21:58:46
758319,ALABAMA.GINGRICH,Newt Gingrich to win the 2012 Alabama Primary,1,29.5,Mar/13/2012 21:58:47
758319,ALABAMA.GINGRICH,Newt Gingrich to win the 2012 Alabama Primary,1,29.5,Mar/13/2012 21:59:17
758319,ALABAMA.GINGRICH,Newt Gingrich to win the 2012 Alabama Primary,5,29.8,Mar/13/2012 22:01:02
758319,ALABAMA.GINGRICH,Newt Gingrich to win the 2012 Alabama Primary,5,29.5,Mar/13/2012 22:01:02
758319,ALABAMA.GINGRICH,Newt Gingrich to win the 2012 Alabama Primary,10,29.5,Mar/13/2012 22:01:02
758319,ALABAMA.GINGRICH,Newt Gingrich to win the 2012 Alabama Primary,1,30.0,Mar/13/2012 22:02:33
758319,ALABAMA.GINGRICH,Newt Gingrich to win the 2012 Alabama Primary,5,30.0,Mar/13/2012 22:02:56
758319,ALABAMA.GINGRICH,Newt Gingrich to win the 2012 Alabama Primary,3,32.5,Mar/13/2012 22:04:07
758319,ALABAMA.GINGRICH,Newt Gingrich to win the 2012 Alabama Primary,1,35.0,Mar/13/2012 22:04:11
758319,ALABAMA.GINGRICH,Newt Gingrich to win the 2012 Alabama Primary,5,35.0,Mar/13/2012 22:04:42
758319,ALABAMA.GINGRICH,Newt Gingrich to win the 2012 Alabama Primary,5,34.5,Mar/13/2012 22:05:03
758319,ALABAMA.GINGRICH,Newt Gingrich to win the 2012 Alabama Primary,2,34.5,Mar/13/2012 22:05:42
758319,ALABAMA.GINGRICH,Newt Gingrich to win the 2012 Alabama Primary,5,34.5,Mar/13/2012 22:05:52
758319,ALABAMA.GINGRICH,Newt Gingrich to win the 2012 Alabama Primary,14,35.0,Mar/13/2012 22:05:57
758319,ALABAMA.GINGRICH,Newt Gingrich to win the 2012 Alabama Primary,2,36.5,Mar/13/2012 22:07:28
758319,ALABAMA.GINGRICH,Newt Gingrich to win the 2012 Alabama Primary,1,36.0,Mar/13/2012 22:08:26
758319,ALABAMA.GINGRICH,Newt Gingrich to win the 2012 Alabama Primary,100,35.0,Mar/13/2012 22:11:55
758319,ALABAMA.GINGRICH,Newt Gingrich to win the 2012 Alabama Primary,20,36.6,Mar/13/2012 22:11:55
758319,ALABAMA.GINGRICH,Newt Gingrich to win the 2012 Alabama Primary,50,35.0,Mar/13/2012 22:12:34
758319,ALABAMA.GINGRICH,Newt Gingrich to win the 2012 Alabama Primary,1,35.0,Mar/13/2012 22:12:43
758319,ALABAMA.GINGRICH,Newt Gingrich to win the 2012 Alabama Primary,5,30.0,Mar/13/2012 22:14:36
758319,ALABAMA.GINGRICH,Newt Gingrich to win the 2012 Alabama Primary,5,30.0,Mar/13/2012 22:14:36
758319,ALABAMA.GINGRICH,Newt Gingrich to win the 2012 Alabama Primary,5,30.0,Mar/13/2012 22:14:55
758319,ALABAMA.GINGRICH,Newt Gingrich to win the 2012 Alabama Primary,5,30.0,Mar/13/2012 22:16:45
758319,ALABAMA.GINGRICH,Newt Gingrich to win the 2012 Alabama Primary,30,32.0,Mar/13/2012 22:17:09
758319,ALABAMA.GINGRICH,Newt Gingrich to win the 2012 Alabama Primary,12,25.1,Mar/13/2012 22:18:43
758319,ALABAMA.GINGRICH,Newt Gingrich to win the 2012 Alabama Primary,35,25.2,Mar/13/2012 22:18:43
758319,ALABAMA.GINGRICH,Newt Gingrich to win the 2012 Alabama Primary,20,30.1,Mar/13/2012 22:18:43
758319,ALABAMA.GINGRICH,Newt Gingrich to win the 2012 Alabama Primary,20,30.1,Mar/13/2012 22:18:43
758319,ALABAMA.GINGRICH,Newt Gingrich to win the 2012 Alabama Primary,1,19.8,Mar/13/2012 22:18:43
758319,ALABAMA.GINGRICH,Newt Gingrich to win the 2012 Alabama Primary,5,25.0,Mar/13/2012 22:21:21
758319,ALABAMA.GINGRICH,Newt Gingrich to win the 2012 Alabama Primary,10,25.0,Mar/13/2012 22:21:51
758319,ALABAMA.GINGRICH,Newt Gingrich to win the 2012 Alabama Primary,2,25.0,Mar/13/2012 22:22:43
758319,ALABAMA.GINGRICH,Newt Gingrich to win the 2012 Alabama Primary,5,22.0,Mar/13/2012 22:23:15
758319,ALABAMA.GINGRICH,Newt Gingrich to win the 2012 Alabama Primary,5,22.0,Mar/13/2012 22:23:25
758319,ALABAMA.GINGRICH,Newt Gingrich to win the 2012 Alabama Primary,5,22.0,Mar/13/2012 22:24:29
758319,ALABAMA.GINGRICH,Newt Gingrich to win the 2012 Alabama Primary,6,22.5,Mar/13/2012 22:24:35
758319,ALABAMA.GINGRICH,Newt Gingrich to win the 2012 Alabama Primary,7,22.0,Mar/13/2012 22:24:35
758319,ALABAMA.GINGRICH,Newt Gingrich to win the 2012 Alabama Primary,20,24.0,Mar/13/2012 22:25:32
758319,ALABAMA.GINGRICH,Newt Gingrich to win the 2012 Alabama Primary,1,24.0,Mar/13/2012 22:26:10
758319,ALABAMA.GINGRICH,Newt Gingrich to win the 2012 Alabama Primary,1,24.0,Mar/13/2012 22:26:34
758319,ALABAMA.GINGRICH,Newt Gingrich to win the 2012 Alabama Primary,1,24.0,Mar/13/2012 22:27:03
758319,ALABAMA.GINGRICH,Newt Gingrich to win the 2012 Alabama Primary,1,24.0,Mar/13/2012 22:27:27
758319,ALABAMA.GINGRICH,Newt Gingrich to win the 2012 Alabama Primary,10,23.0,Mar/13/2012 22:27:59
758319,ALABAMA.GINGRICH,Newt Gingrich to win the 2012 Alabama Primary,13,23.0,Mar/13/2012 22:28:45
758319,ALABAMA.GINGRICH,Newt Gingrich to win the 2012 Alabama Primary,20,20.2,Mar/13/2012 22:29:17
758319,ALABAMA.GINGRICH,Newt Gingrich to win the 2012 Alabama Primary,20,21.2,Mar/13/2012 22:29:17
758319,ALABAMA.GINGRICH,Newt Gingrich to win the 2012 Alabama Primary,2,21.2,Mar/13/2012 22:29:17
758319,ALABAMA.GINGRICH,Newt Gingrich to win the 2012 Alabama Primary,7,22.0,Mar/13/2012 22:29:17
758319,ALABAMA.GINGRICH,Newt Gingrich to win the 2012 Alabama Primary,5,22.5,Mar/13/2012 22:29:17
758319,ALABAMA.GINGRICH,Newt Gingrich to win the 2012 Alabama Primary,5,20.2,Mar/13/2012 22:29:48
758319,ALABAMA.GINGRICH,Newt Gingrich to win the 2012 Alabama Primary,20,24.9,Mar/13/2012 22:30:06
758319,ALABAMA.GINGRICH,Newt Gingrich to win the 2012 Alabama Primary,10,20.0,Mar/13/2012 22:30:14
758319,ALABAMA.GINGRICH,Newt Gingrich to win the 2012 Alabama Primary,5,20.1,Mar/13/2012 22:30:28
758319,ALABAMA.GINGRICH,Newt Gingrich to win the 2012 Alabama Primary,1,19.0,Mar/13/2012 22:32:12
758319,ALABAMA.GINGRICH,Newt Gingrich to win the 2012 Alabama Primary,15,20.0,Mar/13/2012 22:34:07
758319,ALABAMA.GINGRICH,Newt Gingrich to win the 2012 Alabama Primary,5,20.0,Mar/13/2012 22:34:07
758319,ALABAMA.GINGRICH,Newt Gingrich to win the 2012 Alabama Primary,5,22.0,Mar/13/2012 22:35:33
758319,ALABAMA.GINGRICH,Newt Gingrich to win the 2012 Alabama Primary,5,20.2,Mar/13/2012 22:35:38
758319,ALABAMA.GINGRICH,Newt Gingrich to win the 2012 Alabama Primary,5,22.0,Mar/13/2012 22:35:46
758319,ALABAMA.GINGRICH,Newt Gingrich to win the 2012 Alabama Primary,28,19.1,Mar/13/2012 22:35:52
758319,ALABAMA.GINGRICH,Newt Gingrich to win the 2012 Alabama Primary,5,19.9,Mar/13/2012 22:35:52
758319,ALABAMA.GINGRICH,Newt Gingrich to win the 2012 Alabama Primary,5,19.9,Mar/13/2012 22:36:10
758319,ALABAMA.GINGRICH,Newt Gingrich to win the 2012 Alabama Primary,5,19.9,Mar/13/2012 22:36:26
758319,ALABAMA.GINGRICH,Newt Gingrich to win the 2012 Alabama Primary,5,23.0,Mar/13/2012 22:36:27
758319,ALABAMA.GINGRICH,Newt Gingrich to win the 2012 Alabama Primary,5,19.9,Mar/13/2012 22:36:37
758319,ALABAMA.GINGRICH,Newt Gingrich to win the 2012 Alabama Primary,5,19.9,Mar/13/2012 22:36:47
758319,ALABAMA.GINGRICH,Newt Gingrich to win the 2012 Alabama Primary,4,19.9,Mar/13/2012 22:37:00
758319,ALABAMA.GINGRICH,Newt Gingrich to win the 2012 Alabama Primary,5,19.9,Mar/13/2012 22:38:04
758319,ALABAMA.GINGRICH,Newt Gingrich to win the 2012 Alabama Primary,6,23.0,Mar/13/2012 22:38:59
758319,ALABAMA.GINGRICH,Newt Gingrich to win the 2012 Alabama Primary,14,23.0,Mar/13/2012 22:38:59
758319,ALABAMA.GINGRICH,Newt Gingrich to win the 2012 Alabama Primary,20,22.0,Mar/13/2012 22:38:59
758319,ALABAMA.GINGRICH,Newt Gingrich to win the 2012 Alabama Primary,80,21.0,Mar/13/2012 22:40:52
758319,ALABAMA.GINGRICH,Newt Gingrich to win the 2012 Alabama Primary,20,20.9,Mar/13/2012 22:40:52
758319,ALABAMA.GINGRICH,Newt Gingrich to win the 2012 Alabama Primary,5,20.0,Mar/13/2012 22:40:58
758319,ALABAMA.GINGRICH,Newt Gingrich to win the 2012 Alabama Primary,20,21.0,Mar/13/2012 22:41:10
758319,ALABAMA.GINGRICH,Newt Gingrich to win the 2012 Alabama Primary,4,22.0,Mar/13/2012 22:41:44
758319,ALABAMA.GINGRICH,Newt Gingrich to win the 2012 Alabama Primary,5,21.0,Mar/13/2012 22:41:44
758319,ALABAMA.GINGRICH,Newt Gingrich to win the 2012 Alabama Primary,5,21.0,Mar/13/2012 22:41:44
758319,ALABAMA.GINGRICH,Newt Gingrich to win the 2012 Alabama Primary,5,22.9,Mar/13/2012 22:42:21
758319,ALABAMA.GINGRICH,Newt Gingrich to win the 2012 Alabama Primary,5,22.9,Mar/13/2012 22:42:25
758319,ALABAMA.GINGRICH,Newt Gingrich to win the 2012 Alabama Primary,5,20.8,Mar/13/2012 22:42:42
758319,ALABAMA.GINGRICH,Newt Gingrich to win the 2012 Alabama Primary,15,21.9,Mar/13/2012 22:44:43
758319,ALABAMA.GINGRICH,Newt Gingrich to win the 2012 Alabama Primary,3,21.9,Mar/13/2012 22:44:49
758319,ALABAMA.GINGRICH,Newt Gingrich to win the 2012 Alabama Primary,1,21.1,Mar/13/2012 22:45:25
758319,ALABAMA.GINGRICH,Newt Gingrich to win the 2012 Alabama Primary,5,21.1,Mar/13/2012 22:45:25
758319,ALABAMA.GINGRICH,Newt Gingrich to win the 2012 Alabama Primary,7,21.9,Mar/13/2012 22:45:25
758319,ALABAMA.GINGRICH,Newt Gingrich to win the 2012 Alabama Primary,15,21.9,Mar/13/2012 22:45:25
758319,ALABAMA.GINGRICH,Newt Gingrich to win the 2012 Alabama Primary,100,22.0,Mar/13/2012 22:46:52
758319,ALABAMA.GINGRICH,Newt Gingrich to win the 2012 Alabama Primary,10,20.0,Mar/13/2012 22:47:11
758319,ALABAMA.GINGRICH,Newt Gingrich to win the 2012 Alabama Primary,20,20.0,Mar/13/2012 22:47:16
758319,ALABAMA.GINGRICH,Newt Gingrich to win the 2012 Alabama Primary,10,20.5,Mar/13/2012 22:49:22
758319,ALABAMA.GINGRICH,Newt Gingrich to win the 2012 Alabama Primary,10,22.0,Mar/13/2012 22:49:30
758319,ALABAMA.GINGRICH,Newt Gingrich to win the 2012 Alabama Primary,3,20.0,Mar/13/2012 22:49:41
758319,ALABAMA.GINGRICH,Newt Gingrich to win the 2012 Alabama Primary,5,23.0,Mar/13/2012 22:52:40
758319,ALABAMA.GINGRICH,Newt Gingrich to win the 2012 Alabama Primary,10,21.0,Mar/13/2012 22:55:36
758319,ALABAMA.GINGRICH,Newt Gingrich to win the 2012 Alabama Primary,5,21.0,Mar/13/2012 22:56:03
758319,ALABAMA.GINGRICH,Newt Gingrich to win the 2012 Alabama Primary,5,20.1,Mar/13/2012 22:56:10
758319,ALABAMA.GINGRICH,Newt Gingrich to win the 2012 Alabama Primary,25,20.1,Mar/13/2012 22:56:10
758319,ALABAMA.GINGRICH,Newt Gingrich to win the 2012 Alabama Primary,5,24.7,Mar/13/2012 22:56:16
758319,ALABAMA.GINGRICH,Newt Gingrich to win the 2012 Alabama Primary,10,25.0,Mar/13/2012 22:56:24
758319,ALABAMA.GINGRICH,Newt Gingrich to win the 2012 Alabama Primary,100,24.9,Mar/13/2012 22:56:24
758319,ALABAMA.GINGRICH,Newt Gingrich to win the 2012 Alabama Primary,20,24.8,Mar/13/2012 22:56:24
758319,ALABAMA.GINGRICH,Newt Gingrich to win the 2012 Alabama Primary,38,24.7,Mar/13/2012 22:56:24
758319,ALABAMA.GINGRICH,Newt Gingrich to win the 2012 Alabama Primary,37,25.0,Mar/13/2012 22:57:17
758319,ALABAMA.GINGRICH,Newt Gingrich to win the 2012 Alabama Primary,5,29.9,Mar/13/2012 23:00:46
758319,ALABAMA.GINGRICH,Newt Gingrich to win the 2012 Alabama Primary,15,25.0,Mar/13/2012 23:01:43
758319,ALABAMA.GINGRICH,Newt Gingrich to win the 2012 Alabama Primary,5,25.1,Mar/13/2012 23:01:43
758319,ALABAMA.GINGRICH,Newt Gingrich to win the 2012 Alabama Primary,2,25.1,Mar/13/2012 23:01:43
758319,ALABAMA.GINGRICH,Newt Gingrich to win the 2012 Alabama Primary,25,25.0,Mar/13/2012 23:02:31
758319,ALABAMA.GINGRICH,Newt Gingrich to win the 2012 Alabama Primary,5,25.1,Mar/13/2012 23:02:59
758319,ALABAMA.GINGRICH,Newt Gingrich to win the 2012 Alabama Primary,5,25.6,Mar/13/2012 23:04:55
758319,ALABAMA.GINGRICH,Newt Gingrich to win the 2012 Alabama Primary,4,26.0,Mar/13/2012 23:04:55
758319,ALABAMA.GINGRICH,Newt Gingrich to win the 2012 Alabama Primary,20,33.9,Mar/13/2012 23:06:50
758319,ALABAMA.GINGRICH,Newt Gingrich to win the 2012 Alabama Primary,2,31.8,Mar/13/2012 23:06:53
758319,ALABAMA.GINGRICH,Newt Gingrich to win the 2012 Alabama Primary,15,34.0,Mar/13/2012 23:07:10
758319,ALABAMA.GINGRICH,Newt Gingrich to win the 2012 Alabama Primary,4,35.0,Mar/13/2012 23:07:31
758319,ALABAMA.GINGRICH,Newt Gingrich to win the 2012 Alabama Primary,5,30.0,Mar/13/2012 23:13:10
758319,ALABAMA.GINGRICH,Newt Gingrich to win the 2012 Alabama Primary,5,31.5,Mar/13/2012 23:17:38
758319,ALABAMA.GINGRICH,Newt Gingrich to win the 2012 Alabama Primary,8,31.5,Mar/13/2012 23:17:46
758319,ALABAMA.GINGRICH,Newt Gingrich to win the 2012 Alabama Primary,1,29.0,Mar/13/2012 23:18:47
758319,ALABAMA.GINGRICH,Newt Gingrich to win the 2012 Alabama Primary,20,30.0,Mar/13/2012 23:21:04
758319,ALABAMA.GINGRICH,Newt Gingrich to win the 2012 Alabama Primary,3,31.0,Mar/13/2012 23:21:07
758319,ALABAMA.GINGRICH,Newt Gingrich to win the 2012 Alabama Primary,12,31.5,Mar/13/2012 23:23:26
758319,ALABAMA.GINGRICH,Newt Gingrich to win the 2012 Alabama Primary,100,31.4,Mar/13/2012 23:23:26
758319,ALABAMA.GINGRICH,Newt Gingrich to win the 2012 Alabama Primary,40,32.0,Mar/13/2012 23:23:32
758319,ALABAMA.GINGRICH,Newt Gingrich to win the 2012 Alabama Primary,2,34.9,Mar/13/2012 23:24:03
758319,ALABAMA.GINGRICH,Newt Gingrich to win the 2012 Alabama Primary,6,34.9,Mar/13/2012 23:24:11
758319,ALABAMA.GINGRICH,Newt Gingrich to win the 2012 Alabama Primary,3,30.1,Mar/13/2012 23:26:32
758319,ALABAMA.GINGRICH,Newt Gingrich to win the 2012 Alabama Primary,7,33.5,Mar/13/2012 23:26:58
758319,ALABAMA.GINGRICH,Newt Gingrich to win the 2012 Alabama Primary,30,35.0,Mar/13/2012 23:26:58
758319,ALABAMA.GINGRICH,Newt Gingrich to win the 2012 Alabama Primary,17,34.9,Mar/13/2012 23:26:58
758319,ALABAMA.GINGRICH,Newt Gingrich to win the 2012 Alabama Primary,30,33.9,Mar/13/2012 23:26:58
758319,ALABAMA.GINGRICH,Newt Gingrich to win the 2012 Alabama Primary,3,33.8,Mar/13/2012 23:26:58
758319,ALABAMA.GINGRICH,Newt Gingrich to win the 2012 Alabama Primary,10,35.0,Mar/13/2012 23:27:03
758319,ALABAMA.GINGRICH,Newt Gingrich to win the 2012 Alabama Primary,30,30.0,Mar/13/2012 23:27:53
758319,ALABAMA.GINGRICH,Newt Gingrich to win the 2012 Alabama Primary,20,30.5,Mar/13/2012 23:28:11
758319,ALABAMA.GINGRICH,Newt Gingrich to win the 2012 Alabama Primary,5,29.8,Mar/13/2012 23:28:32
758319,ALABAMA.GINGRICH,Newt Gingrich to win the 2012 Alabama Primary,10,40.0,Mar/13/2012 23:28:34
758319,ALABAMA.GINGRICH,Newt Gingrich to win the 2012 Alabama Primary,5,29.8,Mar/13/2012 23:28:43
758319,ALABAMA.GINGRICH,Newt Gingrich to win the 2012 Alabama Primary,5,29.4,Mar/13/2012 23:28:52
758319,ALABAMA.GINGRICH,Newt Gingrich to win the 2012 Alabama Primary,5,30.9,Mar/13/2012 23:29:43
758319,ALABAMA.GINGRICH,Newt Gingrich to win the 2012 Alabama Primary,5,30.5,Mar/13/2012 23:29:53
758319,ALABAMA.GINGRICH,Newt Gingrich to win the 2012 Alabama Primary,5,30.3,Mar/13/2012 23:29:58
758319,ALABAMA.GINGRICH,Newt Gingrich to win the 2012 Alabama Primary,3,29.4,Mar/13/2012 23:30:09
758319,ALABAMA.GINGRICH,Newt Gingrich to win the 2012 Alabama Primary,150,30.5,Mar/13/2012 23:30:11
758319,ALABAMA.GINGRICH,Newt Gingrich to win the 2012 Alabama Primary,5,30.9,Mar/13/2012 23:30:11
758319,ALABAMA.GINGRICH,Newt Gingrich to win the 2012 Alabama Primary,5,30.3,Mar/13/2012 23:30:11
758319,ALABAMA.GINGRICH,Newt Gingrich to win the 2012 Alabama Primary,5,31.1,Mar/13/2012 23:31:51
758319,ALABAMA.GINGRICH,Newt Gingrich to win the 2012 Alabama Primary,5,32.1,Mar/13/2012 23:34:13
758319,ALABAMA.GINGRICH,Newt Gingrich to win the 2012 Alabama Primary,3,32.1,Mar/13/2012 23:34:19
758319,ALABAMA.GINGRICH,Newt Gingrich to win the 2012 Alabama Primary,2,32.1,Mar/13/2012 23:34:19
758319,ALABAMA.GINGRICH,Newt Gingrich to win the 2012 Alabama Primary,5,32.1,Mar/13/2012 23:35:35
758319,ALABAMA.GINGRICH,Newt Gingrich to win the 2012 Alabama Primary,5,32.1,Mar/13/2012 23:35:48
758319,ALABAMA.GINGRICH,Newt Gingrich to win the 2012 Alabama Primary,2,32.1,Mar/13/2012 23:35:53
758319,ALABAMA.GINGRICH,Newt Gingrich to win the 2012 Alabama Primary,5,27.5,Mar/13/2012 23:36:00
758319,ALABAMA.GINGRICH,Newt Gingrich to win the 2012 Alabama Primary,5,32.0,Mar/13/2012 23:36:00
758319,ALABAMA.GINGRICH,Newt Gingrich to win the 2012 Alabama Primary,5,32.0,Mar/13/2012 23:36:15
758319,ALABAMA.GINGRICH,Newt Gingrich to win the 2012 Alabama Primary,2,32.1,Mar/13/2012 23:36:20
758319,ALABAMA.GINGRICH,Newt Gingrich to win the 2012 Alabama Primary,3,32.0,Mar/13/2012 23:36:20
758319,ALABAMA.GINGRICH,Newt Gingrich to win the 2012 Alabama Primary,5,32.1,Mar/13/2012 23:36:27
758319,ALABAMA.GINGRICH,Newt Gingrich to win the 2012 Alabama Primary,5,25.2,Mar/13/2012 23:38:09
758319,ALABAMA.GINGRICH,Newt Gingrich to win the 2012 Alabama Primary,5,27.5,Mar/13/2012 23:38:09
758319,ALABAMA.GINGRICH,Newt Gingrich to win the 2012 Alabama Primary,40,25.0,Mar/13/2012 23:38:09
758319,ALABAMA.GINGRICH,Newt Gingrich to win the 2012 Alabama Primary,5,27.0,Mar/13/2012 23:38:09
758319,ALABAMA.GINGRICH,Newt Gingrich to win the 2012 Alabama Primary,50,20.1,Mar/13/2012 23:39:03
758319,ALABAMA.GINGRICH,Newt Gingrich to win the 2012 Alabama Primary,26,20.1,Mar/13/2012 23:39:03
758319,ALABAMA.GINGRICH,Newt Gingrich to win the 2012 Alabama Primary,9,21.1,Mar/13/2012 23:39:03
758319,ALABAMA.GINGRICH,Newt Gingrich to win the 2012 Alabama Primary,250,20.2,Mar/13/2012 23:39:03
758319,ALABAMA.GINGRICH,Newt Gingrich to win the 2012 Alabama Primary,10,21.0,Mar/13/2012 23:39:03
758319,ALABAMA.GINGRICH,Newt Gingrich to win the 2012 Alabama Primary,5,26.5,Mar/13/2012 23:39:03
758319,ALABAMA.GINGRICH,Newt Gingrich to win the 2012 Alabama Primary,5,26.5,Mar/13/2012 23:39:27
758319,ALABAMA.GINGRICH,Newt Gingrich to win the 2012 Alabama Primary,5,26.6,Mar/13/2012 23:39:40
758319,ALABAMA.GINGRICH,Newt Gingrich to win the 2012 Alabama Primary,5,26.6,Mar/13/2012 23:40:07
758319,ALABAMA.GINGRICH,Newt Gingrich to win the 2012 Alabama Primary,5,26.6,Mar/13/2012 23:40:07
758319,ALABAMA.GINGRICH,Newt Gingrich to win the 2012 Alabama Primary,237,20.0,Mar/13/2012 23:40:18
758319,ALABAMA.GINGRICH,Newt Gingrich to win the 2012 Alabama Primary,5,26.5,Mar/13/2012 23:40:18
758319,ALABAMA.GINGRICH,Newt Gingrich to win the 2012 Alabama Primary,1,26.7,Mar/13/2012 23:40:49
758319,ALABAMA.GINGRICH,Newt Gingrich to win the 2012 Alabama Primary,4,26.7,Mar/13/2012 23:41:02
758319,ALABAMA.GINGRICH,Newt Gingrich to win the 2012 Alabama Primary,5,29.8,Mar/13/2012 23:41:13
758319,ALABAMA.GINGRICH,Newt Gingrich to win the 2012 Alabama Primary,9,20.0,Mar/13/2012 23:41:17
758319,ALABAMA.GINGRICH,Newt Gingrich to win the 2012 Alabama Primary,5,26.7,Mar/13/2012 23:41:17
758319,ALABAMA.GINGRICH,Newt Gingrich to win the 2012 Alabama Primary,1,15.0,Mar/13/2012 23:41:33
758319,ALABAMA.GINGRICH,Newt Gingrich to win the 2012 Alabama Primary,4,20.0,Mar/13/2012 23:41:33
758319,ALABAMA.GINGRICH,Newt Gingrich to win the 2012 Alabama Primary,4,20.0,Mar/13/2012 23:41:36
758319,ALABAMA.GINGRICH,Newt Gingrich to win the 2012 Alabama Primary,24,25.0,Mar/13/2012 23:42:13
758319,ALABAMA.GINGRICH,Newt Gingrich to win the 2012 Alabama Primary,1,15.5,Mar/13/2012 23:42:29
758319,ALABAMA.GINGRICH,Newt Gingrich to win the 2012 Alabama Primary,1,18.0,Mar/13/2012 23:43:06
758319,ALABAMA.GINGRICH,Newt Gingrich to win the 2012 Alabama Primary,5,25.6,Mar/13/2012 23:43:57
758319,ALABAMA.GINGRICH,Newt Gingrich to win the 2012 Alabama Primary,5,25.6,Mar/13/2012 23:44:06
758319,ALABAMA.GINGRICH,Newt Gingrich to win the 2012 Alabama Primary,5,25.6,Mar/13/2012 23:44:08
758319,ALABAMA.GINGRICH,Newt Gingrich to win the 2012 Alabama Primary,5,25.6,Mar/13/2012 23:44:12
758319,ALABAMA.GINGRICH,Newt Gingrich to win the 2012 Alabama Primary,1,25.5,Mar/13/2012 23:44:20
758319,ALABAMA.GINGRICH,Newt Gingrich to win the 2012 Alabama Primary,5,25.5,Mar/13/2012 23:44:34
758319,ALABAMA.GINGRICH,Newt Gingrich to win the 2012 Alabama Primary,5,25.5,Mar/13/2012 23:44:45
758319,ALABAMA.GINGRICH,Newt Gingrich to win the 2012 Alabama Primary,5,25.5,Mar/13/2012 23:44:45
758319,ALABAMA.GINGRICH,Newt Gingrich to win the 2012 Alabama Primary,3,24.8,Mar/13/2012 23:44:52
758319,ALABAMA.GINGRICH,Newt Gingrich to win the 2012 Alabama Primary,43,18.0,Mar/13/2012 23:46:21
758319,ALABAMA.GINGRICH,Newt Gingrich to win the 2012 Alabama Primary,7,18.0,Mar/13/2012 23:46:37
758319,ALABAMA.GINGRICH,Newt Gingrich to win the 2012 Alabama Primary,2,18.0,Mar/13/2012 23:46:41
758319,ALABAMA.GINGRICH,Newt Gingrich to win the 2012 Alabama Primary,3,18.1,Mar/13/2012 23:48:46
758319,ALABAMA.GINGRICH,Newt Gingrich to win the 2012 Alabama Primary,5,18.1,Mar/13/2012 23:48:46
758319,ALABAMA.GINGRICH,Newt Gingrich to win the 2012 Alabama Primary,5,21.7,Mar/13/2012 23:48:56
758319,ALABAMA.GINGRICH,Newt Gingrich to win the 2012 Alabama Primary,4,21.7,Mar/13/2012 23:48:57
758319,ALABAMA.GINGRICH,Newt Gingrich to win the 2012 Alabama Primary,1,21.7,Mar/13/2012 23:49:05
758319,ALABAMA.GINGRICH,Newt Gingrich to win the 2012 Alabama Primary,5,18.0,Mar/13/2012 23:49:25
758319,ALABAMA.GINGRICH,Newt Gingrich to win the 2012 Alabama Primary,5,18.0,Mar/13/2012 23:49:38
758319,ALABAMA.GINGRICH,Newt Gingrich to win the 2012 Alabama Primary,5,17.8,Mar/13/2012 23:49:39
758319,ALABAMA.GINGRICH,Newt Gingrich to win the 2012 Alabama Primary,5,21.7,Mar/13/2012 23:50:04
758319,ALABAMA.GINGRICH,Newt Gingrich to win the 2012 Alabama Primary,4,21.7,Mar/13/2012 23:50:04
758319,ALABAMA.GINGRICH,Newt Gingrich to win the 2012 Alabama Primary,5,18.0,Mar/13/2012 23:50:06
758319,ALABAMA.GINGRICH,Newt Gingrich to win the 2012 Alabama Primary,5,21.7,Mar/13/2012 23:50:22
758319,ALABAMA.GINGRICH,Newt Gingrich to win the 2012 Alabama Primary,5,21.7,Mar/13/2012 23:50:30
758319,ALABAMA.GINGRICH,Newt Gingrich to win the 2012 Alabama Primary,4,22.0,Mar/13/2012 23:50:35
758319,ALABAMA.GINGRICH,Newt Gingrich to win the 2012 Alabama Primary,1,21.7,Mar/13/2012 23:50:35
758319,ALABAMA.GINGRICH,Newt Gingrich to win the 2012 Alabama Primary,5,22.0,Mar/13/2012 23:50:51
758319,ALABAMA.GINGRICH,Newt Gingrich to win the 2012 Alabama Primary,20,20.0,Mar/13/2012 23:52:08
758319,ALABAMA.GINGRICH,Newt Gingrich to win the 2012 Alabama Primary,5,22.0,Mar/13/2012 23:52:59
758319,ALABAMA.GINGRICH,Newt Gingrich to win the 2012 Alabama Primary,5,22.0,Mar/13/2012 23:53:34
758319,ALABAMA.GINGRICH,Newt Gingrich to win the 2012 Alabama Primary,5,22.0,Mar/13/2012 23:53:45
758319,ALABAMA.GINGRICH,Newt Gingrich to win the 2012 Alabama Primary,31,20.0,Mar/13/2012 23:53:49
758319,ALABAMA.GINGRICH,Newt Gingrich to win the 2012 Alabama Primary,5,22.0,Mar/13/2012 23:54:15
758319,ALABAMA.GINGRICH,Newt Gingrich to win the 2012 Alabama Primary,10,21.9,Mar/13/2012 23:55:32
758319,ALABAMA.GINGRICH,Newt Gingrich to win the 2012 Alabama Primary,50,20.0,Mar/13/2012 23:55:47
758319,ALABAMA.GINGRICH,Newt Gingrich to win the 2012 Alabama Primary,86,20.0,Mar/13/2012 23:58:13
758319,ALABAMA.GINGRICH,Newt Gingrich to win the 2012 Alabama Primary,31,20.1,Mar/13/2012 23:58:13
758319,ALABAMA.GINGRICH,Newt Gingrich to win the 2012 Alabama Primary,3,20.1,Mar/13/2012 23:58:13
758319,ALABAMA.GINGRICH,Newt Gingrich to win the 2012 Alabama Primary,13,20.0,Mar/13/2012 23:58:36
758319,ALABAMA.GINGRICH,Newt Gingrich to win the 2012 Alabama Primary,13,20.0,Mar/13/2012 23:59:11
758319,ALABAMA.GINGRICH,Newt Gingrich to win the 2012 Alabama Primary,2,20.0,Mar/13/2012 23:59:26
758319,ALABAMA.GINGRICH,Newt Gingrich to win the 2012 Alabama Primary,160,17.8,Mar/13/2012 23:59:28
758319,ALABAMA.GINGRICH,Newt Gingrich to win the 2012 Alabama Primary,50,18.0,Mar/13/2012 23:59:28
758319,ALABAMA.GINGRICH,Newt Gingrich to win the 2012 Alabama Primary,35,20.0,Mar/13/2012 23:59:28
758319,ALABAMA.GINGRICH,Newt Gingrich to win the 2012 Alabama Primary,5,17.7,Mar/13/2012 23:59:28
758319,ALABAMA.GINGRICH,Newt Gingrich to win the 2012 Alabama Primary,20,17.0,Mar/14/2012 00:00:39
758319,ALABAMA.GINGRICH,Newt Gingrich to win the 2012 Alabama Primary,75,15.3,Mar/14/2012 00:00:39
758319,ALABAMA.GINGRICH,Newt Gingrich to win the 2012 Alabama Primary,5,16.8,Mar/14/2012 00:00:39
758319,ALABAMA.GINGRICH,Newt Gingrich to win the 2012 Alabama Primary,118,15.2,Mar/14/2012 00:00:53
758319,ALABAMA.GINGRICH,Newt Gingrich to win the 2012 Alabama Primary,19,15.2,Mar/14/2012 00:00:58
758319,ALABAMA.GINGRICH,Newt Gingrich to win the 2012 Alabama Primary,25,14.0,Mar/14/2012 00:01:18
758319,ALABAMA.GINGRICH,Newt Gingrich to win the 2012 Alabama Primary,75,14.0,Mar/14/2012 00:01:22
758319,ALABAMA.GINGRICH,Newt Gingrich to win the 2012 Alabama Primary,3,10.0,Mar/14/2012 00:01:43
758319,ALABAMA.GINGRICH,Newt Gingrich to win the 2012 Alabama Primary,15,14.0,Mar/14/2012 00:02:00
758319,ALABAMA.GINGRICH,Newt Gingrich to win the 2012 Alabama Primary,6,5.0,Mar/14/2012 00:02:04
758319,ALABAMA.GINGRICH,Newt Gingrich to win the 2012 Alabama Primary,3,8.5,Mar/14/2012 00:03:29
758319,ALABAMA.GINGRICH,Newt Gingrich to win the 2012 Alabama Primary,21,5.0,Mar/14/2012 00:03:54
758319,ALABAMA.GINGRICH,Newt Gingrich to win the 2012 Alabama Primary,5,5.5,Mar/14/2012 00:06:07
758319,ALABAMA.GINGRICH,Newt Gingrich to win the 2012 Alabama Primary,5,5.5,Mar/14/2012 00:06:07
758319,ALABAMA.GINGRICH,Newt Gingrich to win the 2012 Alabama Primary,20,9.9,Mar/14/2012 00:07:19
758319,ALABAMA.GINGRICH,Newt Gingrich to win the 2012 Alabama Primary,10,10.0,Mar/14/2012 00:07:20
758319,ALABAMA.GINGRICH,Newt Gingrich to win the 2012 Alabama Primary,6,10.0,Mar/14/2012 00:07:33
758319,ALABAMA.GINGRICH,Newt Gingrich to win the 2012 Alabama Primary,10,9.9,Mar/14/2012 00:07:33
758319,ALABAMA.GINGRICH,Newt Gingrich to win the 2012 Alabama Primary,50,7.0,Mar/14/2012 00:08:39
758319,ALABAMA.GINGRICH,Newt Gingrich to win the 2012 Alabama Primary,11,5.1,Mar/14/2012 00:09:21
758319,ALABAMA.GINGRICH,Newt Gingrich to win the 2012 Alabama Primary,20,10.0,Mar/14/2012 00:10:22
758319,ALABAMA.GINGRICH,Newt Gingrich to win the 2012 Alabama Primary,5,20.0,Mar/14/2012 00:10:45
758319,ALABAMA.GINGRICH,Newt Gingrich to win the 2012 Alabama Primary,10,11.0,Mar/14/2012 00:11:19
758319,ALABAMA.GINGRICH,Newt Gingrich to win the 2012 Alabama Primary,15,11.0,Mar/14/2012 00:11:24
758319,ALABAMA.GINGRICH,Newt Gingrich to win the 2012 Alabama Primary,2,10.0,Mar/14/2012 00:11:42
758319,ALABAMA.GINGRICH,Newt Gingrich to win the 2012 Alabama Primary,15,10.0,Mar/14/2012 00:11:51
758319,ALABAMA.GINGRICH,Newt Gingrich to win the 2012 Alabama Primary,13,10.0,Mar/14/2012 00:11:56
758319,ALABAMA.GINGRICH,Newt Gingrich to win the 2012 Alabama Primary,15,7.0,Mar/14/2012 00:12:41
758319,ALABAMA.GINGRICH,Newt Gingrich to win the 2012 Alabama Primary,8,7.0,Mar/14/2012 00:13:03
758319,ALABAMA.GINGRICH,Newt Gingrich to win the 2012 Alabama Primary,3,7.0,Mar/14/2012 00:13:07
758319,ALABAMA.GINGRICH,Newt Gingrich to win the 2012 Alabama Primary,1,14.4,Mar/14/2012 00:13:50
758319,ALABAMA.GINGRICH,Newt Gingrich to win the 2012 Alabama Primary,27,10.0,Mar/14/2012 00:13:54
758319,ALABAMA.GINGRICH,Newt Gingrich to win the 2012 Alabama Primary,23,10.0,Mar/14/2012 00:14:07
758319,ALABAMA.GINGRICH,Newt Gingrich to win the 2012 Alabama Primary,23,7.0,Mar/14/2012 00:14:14
758319,ALABAMA.GINGRICH,Newt Gingrich to win the 2012 Alabama Primary,4,10.0,Mar/14/2012 00:15:06
758319,ALABAMA.GINGRICH,Newt Gingrich to win the 2012 Alabama Primary,21,10.0,Mar/14/2012 00:15:31
758319,ALABAMA.GINGRICH,Newt Gingrich to win the 2012 Alabama Primary,1,10.0,Mar/14/2012 00:15:35
758319,ALABAMA.GINGRICH,Newt Gingrich to win the 2012 Alabama Primary,1,10.0,Mar/14/2012 00:15:35
758319,ALABAMA.GINGRICH,Newt Gingrich to win the 2012 Alabama Primary,8,10.0,Mar/14/2012 00:16:03
758319,ALABAMA.GINGRICH,Newt Gingrich to win the 2012 Alabama Primary,19,10.0,Mar/14/2012 00:16:09
758319,ALABAMA.GINGRICH,Newt Gingrich to win the 2012 Alabama Primary,8,10.0,Mar/14/2012 00:16:39
758319,ALABAMA.GINGRICH,Newt Gingrich to win the 2012 Alabama Primary,2,10.0,Mar/14/2012 00:16:39
758319,ALABAMA.GINGRICH,Newt Gingrich to win the 2012 Alabama Primary,1,7.0,Mar/14/2012 00:16:44
758319,ALABAMA.GINGRICH,Newt Gingrich to win the 2012 Alabama Primary,9,7.0,Mar/14/2012 00:16:44
758319,ALABAMA.GINGRICH,Newt Gingrich to win the 2012 Alabama Primary,7,10.0,Mar/14/2012 00:16:47
758319,ALABAMA.GINGRICH,Newt Gingrich to win the 2012 Alabama Primary,6,12.5,Mar/14/2012 00:17:22
758319,ALABAMA.GINGRICH,Newt Gingrich to win the 2012 Alabama Primary,1,10.0,Mar/14/2012 00:17:25
758319,ALABAMA.GINGRICH,Newt Gingrich to win the 2012 Alabama Primary,1,12.9,Mar/14/2012 00:17:38
758319,ALABAMA.GINGRICH,Newt Gingrich to win the 2012 Alabama Primary,1,11.0,Mar/14/2012 00:17:58
758319,ALABAMA.GINGRICH,Newt Gingrich to win the 2012 Alabama Primary,30,10.0,Mar/14/2012 00:18:12
758319,ALABAMA.GINGRICH,Newt Gingrich to win the 2012 Alabama Primary,25,12.9,Mar/14/2012 00:18:23
758319,ALABAMA.GINGRICH,Newt Gingrich to win the 2012 Alabama Primary,4,12.9,Mar/14/2012 00:18:24
758319,ALABAMA.GINGRICH,Newt Gingrich to win the 2012 Alabama Primary,12,10.0,Mar/14/2012 00:18:28
758319,ALABAMA.GINGRICH,Newt Gingrich to win the 2012 Alabama Primary,9,10.0,Mar/14/2012 00:18:28
758319,ALABAMA.GINGRICH,Newt Gingrich to win the 2012 Alabama Primary,2,10.0,Mar/14/2012 00:19:14
758319,ALABAMA.GINGRICH,Newt Gingrich to win the 2012 Alabama Primary,28,10.0,Mar/14/2012 00:19:29
758319,ALABAMA.GINGRICH,Newt Gingrich to win the 2012 Alabama Primary,20,7.2,Mar/14/2012 00:20:11
758319,ALABAMA.GINGRICH,Newt Gingrich to win the 2012 Alabama Primary,8,12.9,Mar/14/2012 00:20:34
758319,ALABAMA.GINGRICH,Newt Gingrich to win the 2012 Alabama Primary,5,12.5,Mar/14/2012 00:20:34
758319,ALABAMA.GINGRICH,Newt Gingrich to win the 2012 Alabama Primary,1,12.9,Mar/14/2012 00:20:41
758319,ALABAMA.GINGRICH,Newt Gingrich to win the 2012 Alabama Primary,2,12.9,Mar/14/2012 00:22:06
758319,ALABAMA.GINGRICH,Newt Gingrich to win the 2012 Alabama Primary,5,7.2,Mar/14/2012 00:28:03
758319,ALABAMA.GINGRICH,Newt Gingrich to win the 2012 Alabama Primary,5,7.5,Mar/14/2012 00:28:03
758319,ALABAMA.GINGRICH,Newt Gingrich to win the 2012 Alabama Primary,2,7.2,Mar/14/2012 00:28:11
758319,ALABAMA.GINGRICH,Newt Gingrich to win the 2012 Alabama Primary,1,7.2,Mar/14/2012 00:28:49
758319,ALABAMA.GINGRICH,Newt Gingrich to win the 2012 Alabama Primary,20,7.2,Mar/14/2012 00:28:56
758319,ALABAMA.GINGRICH,Newt Gingrich to win the 2012 Alabama Primary,5,7.0,Mar/14/2012 00:29:25
758319,ALABAMA.GINGRICH,Newt Gingrich to win the 2012 Alabama Primary,2,7.2,Mar/14/2012 00:29:25
758319,ALABAMA.GINGRICH,Newt Gingrich to win the 2012 Alabama Primary,36,7.0,Mar/14/2012 00:29:31
758319,ALABAMA.GINGRICH,Newt Gingrich to win the 2012 Alabama Primary,1,6.0,Mar/14/2012 00:29:56
758319,ALABAMA.GINGRICH,Newt Gingrich to win the 2012 Alabama Primary,21,6.0,Mar/14/2012 00:30:03
758319,ALABAMA.GINGRICH,Newt Gingrich to win the 2012 Alabama Primary,28,6.0,Mar/14/2012 00:30:07
758319,ALABAMA.GINGRICH,Newt Gingrich to win the 2012 Alabama Primary,1,5.2,Mar/14/2012 00:30:24
758319,ALABAMA.GINGRICH,Newt Gingrich to win the 2012 Alabama Primary,1,5.2,Mar/14/2012 00:30:29
758319,ALABAMA.GINGRICH,Newt Gingrich to win the 2012 Alabama Primary,10,5.1,Mar/14/2012 00:30:34
758319,ALABAMA.GINGRICH,Newt Gingrich to win the 2012 Alabama Primary,4,5.2,Mar/14/2012 00:30:34
758319,ALABAMA.GINGRICH,Newt Gingrich to win the 2012 Alabama Primary,1,5.1,Mar/14/2012 00:30:49
758319,ALABAMA.GINGRICH,Newt Gingrich to win the 2012 Alabama Primary,10,5.2,Mar/14/2012 00:31:12
758319,ALABAMA.GINGRICH,Newt Gingrich to win the 2012 Alabama Primary,1,5.0,Mar/14/2012 00:31:24
758319,ALABAMA.GINGRICH,Newt Gingrich to win the 2012 Alabama Primary,20,5.0,Mar/14/2012 00:31:28
758319,ALABAMA.GINGRICH,Newt Gingrich to win the 2012 Alabama Primary,1,5.0,Mar/14/2012 00:32:28
758319,ALABAMA.GINGRICH,Newt Gingrich to win the 2012 Alabama Primary,1,5.0,Mar/14/2012 00:32:31
758319,ALABAMA.GINGRICH,Newt Gingrich to win the 2012 Alabama Primary,10,6.0,Mar/14/2012 00:33:03
758319,ALABAMA.GINGRICH,Newt Gingrich to win the 2012 Alabama Primary,18,6.0,Mar/14/2012 00:33:16
758319,ALABAMA.GINGRICH,Newt Gingrich to win the 2012 Alabama Primary,1,6.0,Mar/14/2012 00:33:21
758319,ALABAMA.GINGRICH,Newt Gingrich to win the 2012 Alabama Primary,3,5.0,Mar/14/2012 00:33:44
758319,ALABAMA.GINGRICH,Newt Gingrich to win the 2012 Alabama Primary,1,6.0,Mar/14/2012 00:33:44
758319,ALABAMA.GINGRICH,Newt Gingrich to win the 2012 Alabama Primary,1,5.0,Mar/14/2012 00:33:55
758319,ALABAMA.GINGRICH,Newt Gingrich to win the 2012 Alabama Primary,23,5.0,Mar/14/2012 00:33:58
758319,ALABAMA.GINGRICH,Newt Gingrich to win the 2012 Alabama Primary,1,5.0,Mar/14/2012 00:34:08
758319,ALABAMA.GINGRICH,Newt Gingrich to win the 2012 Alabama Primary,5,5.0,Mar/14/2012 00:35:44
758319,ALABAMA.GINGRICH,Newt Gingrich to win the 2012 Alabama Primary,5,5.0,Mar/14/2012 00:36:01
758319,ALABAMA.GINGRICH,Newt Gingrich to win the 2012 Alabama Primary,1,5.0,Mar/14/2012 00:36:03
758319,ALABAMA.GINGRICH,Newt Gingrich to win the 2012 Alabama Primary,5,6.0,Mar/14/2012 00:37:57
758319,ALABAMA.GINGRICH,Newt Gingrich to win the 2012 Alabama Primary,1,5.1,Mar/14/2012 00:39:31
758319,ALABAMA.GINGRICH,Newt Gingrich to win the 2012 Alabama Primary,1,5.1,Mar/14/2012 00:39:39
758319,ALABAMA.GINGRICH,Newt Gingrich to win the 2012 Alabama Primary,1,5.2,Mar/14/2012 00:40:21
758319,ALABAMA.GINGRICH,Newt Gingrich to win the 2012 Alabama Primary,1,6.1,Mar/14/2012 00:40:29
758319,ALABAMA.GINGRICH,Newt Gingrich to win the 2012 Alabama Primary,1,6.1,Mar/14/2012 00:40:41
758319,ALABAMA.GINGRICH,Newt Gingrich to win the 2012 Alabama Primary,2,6.1,Mar/14/2012 00:40:58
758319,ALABAMA.GINGRICH,Newt Gingrich to win the 2012 Alabama Primary,5,6.1,Mar/14/2012 00:41:20
758319,ALABAMA.GINGRICH,Newt Gingrich to win the 2012 Alabama Primary,1,5.2,Mar/14/2012 00:42:29
758319,ALABAMA.GINGRICH,Newt Gingrich to win the 2012 Alabama Primary,1,5.2,Mar/14/2012 00:42:53
758319,ALABAMA.GINGRICH,Newt Gingrich to win the 2012 Alabama Primary,5,5.2,Mar/14/2012 00:42:59
758319,ALABAMA.GINGRICH,Newt Gingrich to win the 2012 Alabama Primary,1,5.2,Mar/14/2012 00:43:05
758319,ALABAMA.GINGRICH,Newt Gingrich to win the 2012 Alabama Primary,2,5.2,Mar/14/2012 00:43:26
758319,ALABAMA.GINGRICH,Newt Gingrich to win the 2012 Alabama Primary,3,5.2,Mar/14/2012 00:44:00
758319,ALABAMA.GINGRICH,Newt Gingrich to win the 2012 Alabama Primary,6,5.2,Mar/14/2012 00:44:01
758319,ALABAMA.GINGRICH,Newt Gingrich to win the 2012 Alabama Primary,2,5.2,Mar/14/2012 00:44:10
758319,ALABAMA.GINGRICH,Newt Gingrich to win the 2012 Alabama Primary,28,5.2,Mar/14/2012 00:44:21
758319,ALABAMA.GINGRICH,Newt Gingrich to win the 2012 Alabama Primary,11,5.1,Mar/14/2012 00:44:40
758319,ALABAMA.GINGRICH,Newt Gingrich to win the 2012 Alabama Primary,7,5.1,Mar/14/2012 00:44:41
758319,ALABAMA.GINGRICH,Newt Gingrich to win the 2012 Alabama Primary,39,5.0,Mar/14/2012 00:44:54
758319,ALABAMA.GINGRICH,Newt Gingrich to win the 2012 Alabama Primary,2,4.0,Mar/14/2012 00:45:25
758319,ALABAMA.GINGRICH,Newt Gingrich to win the 2012 Alabama Primary,44,4.0,Mar/14/2012 00:45:30
758319,ALABAMA.GINGRICH,Newt Gingrich to win the 2012 Alabama Primary,5,4.1,Mar/14/2012 00:45:30
758319,ALABAMA.GINGRICH,Newt Gingrich to win the 2012 Alabama Primary,1,4.0,Mar/14/2012 00:45:47
758319,ALABAMA.GINGRICH,Newt Gingrich to win the 2012 Alabama Primary,3,4.0,Mar/14/2012 00:45:51
758319,ALABAMA.GINGRICH,Newt Gingrich to win the 2012 Alabama Primary,1,4.0,Mar/14/2012 00:45:55
758319,ALABAMA.GINGRICH,Newt Gingrich to win the 2012 Alabama Primary,1,4.1,Mar/14/2012 00:46:08
758319,ALABAMA.GINGRICH,Newt Gingrich to win the 2012 Alabama Primary,2,4.1,Mar/14/2012 00:46:20
758319,ALABAMA.GINGRICH,Newt Gingrich to win the 2012 Alabama Primary,11,4.1,Mar/14/2012 00:46:33
758319,ALABAMA.GINGRICH,Newt Gingrich to win the 2012 Alabama Primary,5,4.9,Mar/14/2012 00:46:33
758319,ALABAMA.GINGRICH,Newt Gingrich to win the 2012 Alabama Primary,3,4.1,Mar/14/2012 00:46:35
758319,ALABAMA.GINGRICH,Newt Gingrich to win the 2012 Alabama Primary,2,4.1,Mar/14/2012 00:47:12
758319,ALABAMA.GINGRICH,Newt Gingrich to win the 2012 Alabama Primary,11,5.2,Mar/14/2012 00:47:20
758319,ALABAMA.GINGRICH,Newt Gingrich to win the 2012 Alabama Primary,9,5.0,Mar/14/2012 00:51:22
758319,ALABAMA.GINGRICH,Newt Gingrich to win the 2012 Alabama Primary,5,4.1,Mar/14/2012 00:51:37
758319,ALABAMA.GINGRICH,Newt Gingrich to win the 2012 Alabama Primary,15,4.1,Mar/14/2012 00:51:56
758319,ALABAMA.GINGRICH,Newt Gingrich to win the 2012 Alabama Primary,29,5.0,Mar/14/2012 00:55:33
758319,ALABAMA.GINGRICH,Newt Gingrich to win the 2012 Alabama Primary,43,5.0,Mar/14/2012 00:57:06
758319,ALABAMA.GINGRICH,Newt Gingrich to win the 2012 Alabama Primary,44,5.0,Mar/14/2012 00:57:12
758319,ALABAMA.GINGRICH,Newt Gingrich to win the 2012 Alabama Primary,12,5.0,Mar/14/2012 00:57:49
758319,ALABAMA.GINGRICH,Newt Gingrich to win the 2012 Alabama Primary,2,4.9,Mar/14/2012 00:59:23
758319,ALABAMA.GINGRICH,Newt Gingrich to win the 2012 Alabama Primary,2,4.9,Mar/14/2012 01:05:22
758319,ALABAMA.GINGRICH,Newt Gingrich to win the 2012 Alabama Primary,1,4.8,Mar/14/2012 01:05:22
758319,ALABAMA.GINGRICH,Newt Gingrich to win the 2012 Alabama Primary,1,4.9,Mar/14/2012 01:06:47
758319,ALABAMA.GINGRICH,Newt Gingrich to win the 2012 Alabama Primary,9,4.9,Mar/14/2012 01:06:47
758319,ALABAMA.GINGRICH,Newt Gingrich to win the 2012 Alabama Primary,1,3.2,Mar/14/2012 01:08:46
758319,ALABAMA.GINGRICH,Newt Gingrich to win the 2012 Alabama Primary,10,3.0,Mar/14/2012 01:09:13
758319,ALABAMA.GINGRICH,Newt Gingrich to win the 2012 Alabama Primary,49,3.2,Mar/14/2012 01:09:13
758319,ALABAMA.GINGRICH,Newt Gingrich to win the 2012 Alabama Primary,1,4.9,Mar/14/2012 01:09:46
758319,ALABAMA.GINGRICH,Newt Gingrich to win the 2012 Alabama Primary,2,5.0,Mar/14/2012 01:12:46
758319,ALABAMA.GINGRICH,Newt Gingrich to win the 2012 Alabama Primary,1,3.0,Mar/14/2012 01:13:26
758319,ALABAMA.GINGRICH,Newt Gingrich to win the 2012 Alabama Primary,10,3.0,Mar/14/2012 01:15:38
758319,ALABAMA.GINGRICH,Newt Gingrich to win the 2012 Alabama Primary,3,3.2,Mar/14/2012 01:18:18
758319,ALABAMA.GINGRICH,Newt Gingrich to win the 2012 Alabama Primary,6,4.0,Mar/14/2012 01:20:32
758319,ALABAMA.GINGRICH,Newt Gingrich to win the 2012 Alabama Primary,4,4.0,Mar/14/2012 01:22:12
758319,ALABAMA.GINGRICH,Newt Gingrich to win the 2012 Alabama Primary,3,3.2,Mar/14/2012 01:23:45
758319,ALABAMA.GINGRICH,Newt Gingrich to win the 2012 Alabama Primary,13,5.0,Mar/14/2012 01:28:27
758319,ALABAMA.GINGRICH,Newt Gingrich to win the 2012 Alabama Primary,1,5.0,Mar/14/2012 01:30:03
758319,ALABAMA.GINGRICH,Newt Gingrich to win the 2012 Alabama Primary,20,5.0,Mar/14/2012 01:30:46
758319,ALABAMA.GINGRICH,Newt Gingrich to win the 2012 Alabama Primary,25,5.0,Mar/14/2012 01:31:30
758319,ALABAMA.GINGRICH,Newt Gingrich to win the 2012 Alabama Primary,10,6.0,Mar/14/2012 01:32:05
758319,ALABAMA.GINGRICH,Newt Gingrich to win the 2012 Alabama Primary,15,6.0,Mar/14/2012 01:33:12
758319,ALABAMA.GINGRICH,Newt Gingrich to win the 2012 Alabama Primary,3,7.0,Mar/14/2012 01:33:13
758319,ALABAMA.GINGRICH,Newt Gingrich to win the 2012 Alabama Primary,6,7.0,Mar/14/2012 01:34:04
758319,ALABAMA.GINGRICH,Newt Gingrich to win the 2012 Alabama Primary,4,7.0,Mar/14/2012 01:34:04
758319,ALABAMA.GINGRICH,Newt Gingrich to win the 2012 Alabama Primary,5,7.0,Mar/14/2012 01:35:17
758319,ALABAMA.GINGRICH,Newt Gingrich to win the 2012 Alabama Primary,50,5.0,Mar/14/2012 01:37:17
758319,ALABAMA.GINGRICH,Newt Gingrich to win the 2012 Alabama Primary,9,5.0,Mar/14/2012 01:39:37
758319,ALABAMA.GINGRICH,Newt Gingrich to win the 2012 Alabama Primary,1,5.0,Mar/14/2012 01:40:29
758319,ALABAMA.GINGRICH,Newt Gingrich to win the 2012 Alabama Primary,3,7.0,Mar/14/2012 01:40:29
758319,ALABAMA.GINGRICH,Newt Gingrich to win the 2012 Alabama Primary,3,4.0,Mar/14/2012 01:45:03
758319,ALABAMA.GINGRICH,Newt Gingrich to win the 2012 Alabama Primary,1,4.5,Mar/14/2012 01:46:34
758319,ALABAMA.GINGRICH,Newt Gingrich to win the 2012 Alabama Primary,3,4.5,Mar/14/2012 01:47:48
758319,ALABAMA.GINGRICH,Newt Gingrich to win the 2012 Alabama Primary,6,6.2,Mar/14/2012 01:50:03
758319,ALABAMA.GINGRICH,Newt Gingrich to win the 2012 Alabama Primary,1,4.5,Mar/14/2012 01:50:23
758319,ALABAMA.GINGRICH,Newt Gingrich to win the 2012 Alabama Primary,5,6.0,Mar/14/2012 01:52:05
758319,ALABAMA.GINGRICH,Newt Gingrich to win the 2012 Alabama Primary,5,3.9,Mar/14/2012 01:52:28
758319,ALABAMA.GINGRICH,Newt Gingrich to win the 2012 Alabama Primary,5,3.9,Mar/14/2012 01:52:34
758319,ALABAMA.GINGRICH,Newt Gingrich to win the 2012 Alabama Primary,1,3.0,Mar/14/2012 01:53:50
758319,ALABAMA.GINGRICH,Newt Gingrich to win the 2012 Alabama Primary,5,3.8,Mar/14/2012 01:53:50
758319,ALABAMA.GINGRICH,Newt Gingrich to win the 2012 Alabama Primary,1,3.8,Mar/14/2012 01:53:51
758319,ALABAMA.GINGRICH,Newt Gingrich to win the 2012 Alabama Primary,28,3.0,Mar/14/2012 01:53:52
758319,ALABAMA.GINGRICH,Newt Gingrich to win the 2012 Alabama Primary,1,3.0,Mar/14/2012 01:53:55
758319,ALABAMA.GINGRICH,Newt Gingrich to win the 2012 Alabama Primary,5,3.8,Mar/14/2012 01:53:59
758319,ALABAMA.GINGRICH,Newt Gingrich to win the 2012 Alabama Primary,50,2.0,Mar/14/2012 01:54:35
758319,ALABAMA.GINGRICH,Newt Gingrich to win the 2012 Alabama Primary,5,1.0,Mar/14/2012 01:54:59
758319,ALABAMA.GINGRICH,Newt Gingrich to win the 2012 Alabama Primary,1,2.0,Mar/14/2012 01:55:20
758319,ALABAMA.GINGRICH,Newt Gingrich to win the 2012 Alabama Primary,5,2.0,Mar/14/2012 01:55:21
758319,ALABAMA.GINGRICH,Newt Gingrich to win the 2012 Alabama Primary,4,2.0,Mar/14/2012 01:55:28
758319,ALABAMA.GINGRICH,Newt Gingrich to win the 2012 Alabama Primary,5,1.0,Mar/14/2012 01:55:45
758319,ALABAMA.GINGRICH,Newt Gingrich to win the 2012 Alabama Primary,40,1.0,Mar/14/2012 01:57:06
758319,ALABAMA.GINGRICH,Newt Gingrich to win the 2012 Alabama Primary,5,1.0,Mar/14/2012 01:59:06
758319,ALABAMA.GINGRICH,Newt Gingrich to win the 2012 Alabama Primary,5,1.0,Mar/14/2012 01:59:14
758319,ALABAMA.GINGRICH,Newt Gingrich to win the 2012 Alabama Primary,5,2.0,Mar/14/2012 02:00:32
758319,ALABAMA.GINGRICH,Newt Gingrich to win the 2012 Alabama Primary,5,1.0,Mar/14/2012 02:01:22
758319,ALABAMA.GINGRICH,Newt Gingrich to win the 2012 Alabama Primary,100,2.0,Mar/14/2012 02:01:43
758319,ALABAMA.GINGRICH,Newt Gingrich to win the 2012 Alabama Primary,12,0.3,Mar/14/2012 02:01:44
758319,ALABAMA.GINGRICH,Newt Gingrich to win the 2012 Alabama Primary,88,0.2,Mar/14/2012 02:03:10
758319,ALABAMA.GINGRICH,Newt Gingrich to win the 2012 Alabama Primary,10,2.0,Mar/14/2012 02:03:22
758319,ALABAMA.GINGRICH,Newt Gingrich to win the 2012 Alabama Primary,3,0.1,Mar/14/2012 02:03:35
758319,ALABAMA.GINGRICH,Newt Gingrich to win the 2012 Alabama Primary,7,0.1,Mar/14/2012 02:04:06
758319,ALABAMA.GINGRICH,Newt Gingrich to win the 2012 Alabama Primary,10,0.1,Mar/14/2012 02:04:06
758319,ALABAMA.GINGRICH,Newt Gingrich to win the 2012 Alabama Primary,5,0.1,Mar/14/2012 02:04:06
758319,ALABAMA.GINGRICH,Newt Gingrich to win the 2012 Alabama Primary,3,0.1,Mar/14/2012 02:05:12
758319,ALABAMA.GINGRICH,Newt Gingrich to win the 2012 Alabama Primary,10,1.5,Mar/14/2012 02:08:40
758319,ALABAMA.GINGRICH,Newt Gingrich to win the 2012 Alabama Primary,40,1.4,Mar/14/2012 02:10:56
758319,ALABAMA.GINGRICH,Newt Gingrich to win the 2012 Alabama Primary,8,1.2,Mar/14/2012 02:10:56
758319,ALABAMA.GINGRICH,Newt Gingrich to win the 2012 Alabama Primary,2,1.1,Mar/14/2012 02:10:56
758319,ALABAMA.GINGRICH,Newt Gingrich to win the 2012 Alabama Primary,5,0.1,Mar/14/2012 02:17:08
758319,ALABAMA.GINGRICH,Newt Gingrich to win the 2012 Alabama Primary,142,0.1,Mar/14/2012 02:17:27
758319,ALABAMA.GINGRICH,Newt Gingrich to win the 2012 Alabama Primary,5,1.1,Mar/14/2012 02:18:13
758319,ALABAMA.GINGRICH,Newt Gingrich to win the 2012 Alabama Primary,1,1.1,Mar/14/2012 02:18:16
758319,ALABAMA.GINGRICH,Newt Gingrich to win the 2012 Alabama Primary,87,0.1,Mar/14/2012 02:19:32
758319,ALABAMA.GINGRICH,Newt Gingrich to win the 2012 Alabama Primary,3,1.2,Mar/14/2012 02:26:39
758319,ALABAMA.GINGRICH,Newt Gingrich to win the 2012 Alabama Primary,7,0.5,Mar/14/2012 02:56:07
758319,ALABAMA.GINGRICH,Newt Gingrich to win the 2012 Alabama Primary,5,0.4,Mar/14/2012 02:56:07
758319,ALABAMA.GINGRICH,Newt Gingrich to win the 2012 Alabama Primary,5,0.4,Mar/14/2012 02:56:07
758319,ALABAMA.GINGRICH,Newt Gingrich to win the 2012 Alabama Primary,1,0.1,Mar/14/2012 10:09:46
