market id,market symbol,market name,trade quantity,trade price,date/time [utc]
220757,2008.GOP.NOM.SANFORD,Mark Sanford to be the Republican Presidential Nominee in 2008,235,0.3,Apr/03/2005 04:32:59
220757,2008.GOP.NOM.SANFORD,Mark Sanford to be the Republican Presidential Nominee in 2008,2,0.4,Apr/09/2005 18:38:29
220757,2008.GOP.NOM.SANFORD,Mark Sanford to be the Republican Presidential Nominee in 2008,1,0.3,May/05/2005 20:51:14
220757,2008.GOP.NOM.SANFORD,Mark Sanford to be the Republican Presidential Nominee in 2008,1,0.2,May/09/2005 17:03:57
220757,2008.GOP.NOM.SANFORD,Mark Sanford to be the Republican Presidential Nominee in 2008,1,0.2,May/09/2005 23:19:44
220757,2008.GOP.NOM.SANFORD,Mark Sanford to be the Republican Presidential Nominee in 2008,1,0.2,May/10/2005 01:44:40
220757,2008.GOP.NOM.SANFORD,Mark Sanford to be the Republican Presidential Nominee in 2008,1,0.2,May/11/2005 00:37:12
220757,2008.GOP.NOM.SANFORD,Mark Sanford to be the Republican Presidential Nominee in 2008,4,0.8,May/11/2005 19:50:57
220757,2008.GOP.NOM.SANFORD,Mark Sanford to be the Republican Presidential Nominee in 2008,5,0.6,May/11/2005 19:50:57
220757,2008.GOP.NOM.SANFORD,Mark Sanford to be the Republican Presidential Nominee in 2008,1,0.4,May/11/2005 19:50:57
220757,2008.GOP.NOM.SANFORD,Mark Sanford to be the Republican Presidential Nominee in 2008,6,0.8,May/11/2005 19:51:48
220757,2008.GOP.NOM.SANFORD,Mark Sanford to be the Republican Presidential Nominee in 2008,14,0.9,May/20/2005 13:35:58
220757,2008.GOP.NOM.SANFORD,Mark Sanford to be the Republican Presidential Nominee in 2008,2,1.0,May/20/2005 13:35:58
220757,2008.GOP.NOM.SANFORD,Mark Sanford to be the Republican Presidential Nominee in 2008,1,1.0,May/20/2005 16:21:49
220757,2008.GOP.NOM.SANFORD,Mark Sanford to be the Republican Presidential Nominee in 2008,1,1.0,May/20/2005 16:22:19
220757,2008.GOP.NOM.SANFORD,Mark Sanford to be the Republican Presidential Nominee in 2008,3,1.0,May/20/2005 16:22:56
220757,2008.GOP.NOM.SANFORD,Mark Sanford to be the Republican Presidential Nominee in 2008,4,1.0,May/20/2005 16:23:45
220757,2008.GOP.NOM.SANFORD,Mark Sanford to be the Republican Presidential Nominee in 2008,3,1.0,May/20/2005 16:24:39
220757,2008.GOP.NOM.SANFORD,Mark Sanford to be the Republican Presidential Nominee in 2008,5,1.0,May/21/2005 23:58:26
220757,2008.GOP.NOM.SANFORD,Mark Sanford to be the Republican Presidential Nominee in 2008,5,1.0,May/21/2005 23:59:08
220757,2008.GOP.NOM.SANFORD,Mark Sanford to be the Republican Presidential Nominee in 2008,10,1.2,May/27/2005 05:11:37
220757,2008.GOP.NOM.SANFORD,Mark Sanford to be the Republican Presidential Nominee in 2008,78,1.0,May/27/2005 05:11:45
220757,2008.GOP.NOM.SANFORD,Mark Sanford to be the Republican Presidential Nominee in 2008,12,1.5,Jun/01/2005 19:05:29
220757,2008.GOP.NOM.SANFORD,Mark Sanford to be the Republican Presidential Nominee in 2008,3,1.3,Jun/01/2005 19:05:29
220757,2008.GOP.NOM.SANFORD,Mark Sanford to be the Republican Presidential Nominee in 2008,45,2.0,Jun/01/2005 19:05:53
220757,2008.GOP.NOM.SANFORD,Mark Sanford to be the Republican Presidential Nominee in 2008,2,1.6,Jun/01/2005 19:05:53
220757,2008.GOP.NOM.SANFORD,Mark Sanford to be the Republican Presidential Nominee in 2008,18,1.5,Jun/01/2005 19:05:53
220757,2008.GOP.NOM.SANFORD,Mark Sanford to be the Republican Presidential Nominee in 2008,18,1.6,Jun/01/2005 19:05:53
220757,2008.GOP.NOM.SANFORD,Mark Sanford to be the Republican Presidential Nominee in 2008,7,2.0,Jun/01/2005 22:32:14
220757,2008.GOP.NOM.SANFORD,Mark Sanford to be the Republican Presidential Nominee in 2008,1,2.0,Jun/01/2005 22:32:14
220757,2008.GOP.NOM.SANFORD,Mark Sanford to be the Republican Presidential Nominee in 2008,2,1.3,Jun/08/2005 14:26:51
220757,2008.GOP.NOM.SANFORD,Mark Sanford to be the Republican Presidential Nominee in 2008,1,1.0,Jun/23/2005 16:57:40
220757,2008.GOP.NOM.SANFORD,Mark Sanford to be the Republican Presidential Nominee in 2008,2,1.0,Jun/23/2005 16:58:47
220757,2008.GOP.NOM.SANFORD,Mark Sanford to be the Republican Presidential Nominee in 2008,4,1.0,Jun/23/2005 16:59:32
220757,2008.GOP.NOM.SANFORD,Mark Sanford to be the Republican Presidential Nominee in 2008,3,1.0,Jun/23/2005 17:00:09
220757,2008.GOP.NOM.SANFORD,Mark Sanford to be the Republican Presidential Nominee in 2008,1,1.0,Jun/24/2005 22:32:04
220757,2008.GOP.NOM.SANFORD,Mark Sanford to be the Republican Presidential Nominee in 2008,2,1.0,Jun/24/2005 22:33:23
220757,2008.GOP.NOM.SANFORD,Mark Sanford to be the Republican Presidential Nominee in 2008,5,1.1,Jun/29/2005 21:11:59
220757,2008.GOP.NOM.SANFORD,Mark Sanford to be the Republican Presidential Nominee in 2008,2,1.0,Jun/29/2005 21:14:39
220757,2008.GOP.NOM.SANFORD,Mark Sanford to be the Republican Presidential Nominee in 2008,5,1.0,Jun/29/2005 21:18:52
220757,2008.GOP.NOM.SANFORD,Mark Sanford to be the Republican Presidential Nominee in 2008,3,1.3,Jul/29/2005 18:16:50
220757,2008.GOP.NOM.SANFORD,Mark Sanford to be the Republican Presidential Nominee in 2008,2,1.8,Jul/29/2005 18:17:02
220757,2008.GOP.NOM.SANFORD,Mark Sanford to be the Republican Presidential Nominee in 2008,5,2.0,Aug/05/2005 23:30:51
220757,2008.GOP.NOM.SANFORD,Mark Sanford to be the Republican Presidential Nominee in 2008,10,1.2,Aug/07/2005 23:30:19
220757,2008.GOP.NOM.SANFORD,Mark Sanford to be the Republican Presidential Nominee in 2008,1,1.5,Aug/11/2005 19:24:57
220757,2008.GOP.NOM.SANFORD,Mark Sanford to be the Republican Presidential Nominee in 2008,1,1.3,Aug/21/2005 16:03:31
220757,2008.GOP.NOM.SANFORD,Mark Sanford to be the Republican Presidential Nominee in 2008,2,1.3,Aug/21/2005 16:03:31
220757,2008.GOP.NOM.SANFORD,Mark Sanford to be the Republican Presidential Nominee in 2008,5,1.3,Aug/24/2005 20:50:17
220757,2008.GOP.NOM.SANFORD,Mark Sanford to be the Republican Presidential Nominee in 2008,2,1.3,Aug/24/2005 20:51:32
220757,2008.GOP.NOM.SANFORD,Mark Sanford to be the Republican Presidential Nominee in 2008,3,1.2,Aug/24/2005 20:51:32
220757,2008.GOP.NOM.SANFORD,Mark Sanford to be the Republican Presidential Nominee in 2008,10,1.2,Aug/31/2005 07:08:45
220757,2008.GOP.NOM.SANFORD,Mark Sanford to be the Republican Presidential Nominee in 2008,1,1.3,Sep/05/2005 01:46:07
220757,2008.GOP.NOM.SANFORD,Mark Sanford to be the Republican Presidential Nominee in 2008,6,1.4,Sep/05/2005 01:46:15
220757,2008.GOP.NOM.SANFORD,Mark Sanford to be the Republican Presidential Nominee in 2008,5,1.6,Sep/05/2005 01:46:34
220757,2008.GOP.NOM.SANFORD,Mark Sanford to be the Republican Presidential Nominee in 2008,25,1.2,Sep/06/2005 08:54:09
220757,2008.GOP.NOM.SANFORD,Mark Sanford to be the Republican Presidential Nominee in 2008,4,1.5,Sep/13/2005 15:28:18
220757,2008.GOP.NOM.SANFORD,Mark Sanford to be the Republican Presidential Nominee in 2008,5,0.3,Oct/02/2005 19:25:25
220757,2008.GOP.NOM.SANFORD,Mark Sanford to be the Republican Presidential Nominee in 2008,1,0.3,Oct/02/2005 19:26:12
220757,2008.GOP.NOM.SANFORD,Mark Sanford to be the Republican Presidential Nominee in 2008,5,0.4,Oct/11/2005 03:54:45
220757,2008.GOP.NOM.SANFORD,Mark Sanford to be the Republican Presidential Nominee in 2008,5,0.4,Oct/11/2005 03:55:36
220757,2008.GOP.NOM.SANFORD,Mark Sanford to be the Republican Presidential Nominee in 2008,10,0.3,Oct/11/2005 03:58:06
220757,2008.GOP.NOM.SANFORD,Mark Sanford to be the Republican Presidential Nominee in 2008,1,0.3,Oct/11/2005 04:00:58
220757,2008.GOP.NOM.SANFORD,Mark Sanford to be the Republican Presidential Nominee in 2008,4,0.3,Oct/11/2005 04:01:55
220757,2008.GOP.NOM.SANFORD,Mark Sanford to be the Republican Presidential Nominee in 2008,1,0.3,Oct/11/2005 22:31:10
220757,2008.GOP.NOM.SANFORD,Mark Sanford to be the Republican Presidential Nominee in 2008,2,0.3,Oct/11/2005 22:38:40
220757,2008.GOP.NOM.SANFORD,Mark Sanford to be the Republican Presidential Nominee in 2008,2,0.3,Oct/12/2005 02:38:11
220757,2008.GOP.NOM.SANFORD,Mark Sanford to be the Republican Presidential Nominee in 2008,1,0.3,Oct/12/2005 08:07:41
220757,2008.GOP.NOM.SANFORD,Mark Sanford to be the Republican Presidential Nominee in 2008,1,0.3,Oct/12/2005 08:26:52
220757,2008.GOP.NOM.SANFORD,Mark Sanford to be the Republican Presidential Nominee in 2008,3,0.3,Oct/12/2005 08:28:48
220757,2008.GOP.NOM.SANFORD,Mark Sanford to be the Republican Presidential Nominee in 2008,1,0.3,Oct/14/2005 02:14:36
220757,2008.GOP.NOM.SANFORD,Mark Sanford to be the Republican Presidential Nominee in 2008,1,0.3,Oct/14/2005 02:16:06
220757,2008.GOP.NOM.SANFORD,Mark Sanford to be the Republican Presidential Nominee in 2008,1,0.3,Oct/14/2005 02:18:25
220757,2008.GOP.NOM.SANFORD,Mark Sanford to be the Republican Presidential Nominee in 2008,1,0.3,Oct/14/2005 05:27:58
220757,2008.GOP.NOM.SANFORD,Mark Sanford to be the Republican Presidential Nominee in 2008,1,0.3,Oct/14/2005 15:17:40
220757,2008.GOP.NOM.SANFORD,Mark Sanford to be the Republican Presidential Nominee in 2008,1,0.3,Oct/14/2005 16:39:01
220757,2008.GOP.NOM.SANFORD,Mark Sanford to be the Republican Presidential Nominee in 2008,1,0.3,Oct/16/2005 19:42:46
220757,2008.GOP.NOM.SANFORD,Mark Sanford to be the Republican Presidential Nominee in 2008,2,0.3,Oct/16/2005 20:00:13
220757,2008.GOP.NOM.SANFORD,Mark Sanford to be the Republican Presidential Nominee in 2008,3,0.3,Oct/19/2005 17:00:09
220757,2008.GOP.NOM.SANFORD,Mark Sanford to be the Republican Presidential Nominee in 2008,1,0.3,Oct/20/2005 15:53:26
220757,2008.GOP.NOM.SANFORD,Mark Sanford to be the Republican Presidential Nominee in 2008,1,0.3,Oct/20/2005 15:54:17
220757,2008.GOP.NOM.SANFORD,Mark Sanford to be the Republican Presidential Nominee in 2008,1,0.3,Oct/20/2005 15:54:44
220757,2008.GOP.NOM.SANFORD,Mark Sanford to be the Republican Presidential Nominee in 2008,1,0.3,Oct/20/2005 16:02:00
220757,2008.GOP.NOM.SANFORD,Mark Sanford to be the Republican Presidential Nominee in 2008,1,0.3,Oct/20/2005 16:15:01
220757,2008.GOP.NOM.SANFORD,Mark Sanford to be the Republican Presidential Nominee in 2008,1,0.3,Oct/20/2005 16:15:42
220757,2008.GOP.NOM.SANFORD,Mark Sanford to be the Republican Presidential Nominee in 2008,4,0.3,Oct/20/2005 16:17:26
220757,2008.GOP.NOM.SANFORD,Mark Sanford to be the Republican Presidential Nominee in 2008,1,0.3,Oct/21/2005 17:28:30
220757,2008.GOP.NOM.SANFORD,Mark Sanford to be the Republican Presidential Nominee in 2008,4,0.3,Oct/21/2005 22:54:22
220757,2008.GOP.NOM.SANFORD,Mark Sanford to be the Republican Presidential Nominee in 2008,1,0.3,Oct/24/2005 19:34:18
220757,2008.GOP.NOM.SANFORD,Mark Sanford to be the Republican Presidential Nominee in 2008,1,0.3,Oct/24/2005 19:36:01
220757,2008.GOP.NOM.SANFORD,Mark Sanford to be the Republican Presidential Nominee in 2008,1,0.3,Oct/24/2005 20:03:57
220757,2008.GOP.NOM.SANFORD,Mark Sanford to be the Republican Presidential Nominee in 2008,1,0.3,Oct/24/2005 20:18:10
220757,2008.GOP.NOM.SANFORD,Mark Sanford to be the Republican Presidential Nominee in 2008,1,0.3,Oct/24/2005 20:28:33
220757,2008.GOP.NOM.SANFORD,Mark Sanford to be the Republican Presidential Nominee in 2008,1,0.3,Oct/24/2005 20:44:06
220757,2008.GOP.NOM.SANFORD,Mark Sanford to be the Republican Presidential Nominee in 2008,1,0.3,Oct/24/2005 21:28:07
220757,2008.GOP.NOM.SANFORD,Mark Sanford to be the Republican Presidential Nominee in 2008,3,0.3,Oct/24/2005 21:29:22
220757,2008.GOP.NOM.SANFORD,Mark Sanford to be the Republican Presidential Nominee in 2008,1,0.3,Oct/26/2005 04:24:30
220757,2008.GOP.NOM.SANFORD,Mark Sanford to be the Republican Presidential Nominee in 2008,1,0.3,Oct/26/2005 04:26:27
220757,2008.GOP.NOM.SANFORD,Mark Sanford to be the Republican Presidential Nominee in 2008,1,0.3,Oct/26/2005 17:24:48
220757,2008.GOP.NOM.SANFORD,Mark Sanford to be the Republican Presidential Nominee in 2008,2,0.3,Oct/26/2005 17:26:09
220757,2008.GOP.NOM.SANFORD,Mark Sanford to be the Republican Presidential Nominee in 2008,3,0.3,Oct/26/2005 17:26:49
220757,2008.GOP.NOM.SANFORD,Mark Sanford to be the Republican Presidential Nominee in 2008,1,0.3,Oct/26/2005 17:27:32
220757,2008.GOP.NOM.SANFORD,Mark Sanford to be the Republican Presidential Nominee in 2008,1,0.3,Oct/26/2005 17:28:34
220757,2008.GOP.NOM.SANFORD,Mark Sanford to be the Republican Presidential Nominee in 2008,3,0.3,Oct/26/2005 17:41:43
220757,2008.GOP.NOM.SANFORD,Mark Sanford to be the Republican Presidential Nominee in 2008,1,0.5,Oct/27/2005 14:20:52
220757,2008.GOP.NOM.SANFORD,Mark Sanford to be the Republican Presidential Nominee in 2008,1,0.7,Oct/27/2005 14:21:01
220757,2008.GOP.NOM.SANFORD,Mark Sanford to be the Republican Presidential Nominee in 2008,1,0.3,Oct/27/2005 18:24:49
220757,2008.GOP.NOM.SANFORD,Mark Sanford to be the Republican Presidential Nominee in 2008,1,0.3,Oct/27/2005 18:25:33
220757,2008.GOP.NOM.SANFORD,Mark Sanford to be the Republican Presidential Nominee in 2008,3,0.3,Oct/27/2005 18:28:15
220757,2008.GOP.NOM.SANFORD,Mark Sanford to be the Republican Presidential Nominee in 2008,2,0.3,Oct/27/2005 18:30:01
220757,2008.GOP.NOM.SANFORD,Mark Sanford to be the Republican Presidential Nominee in 2008,1,0.3,Oct/28/2005 01:47:51
220757,2008.GOP.NOM.SANFORD,Mark Sanford to be the Republican Presidential Nominee in 2008,1,0.3,Oct/28/2005 02:04:05
220757,2008.GOP.NOM.SANFORD,Mark Sanford to be the Republican Presidential Nominee in 2008,4,0.3,Oct/28/2005 02:42:17
220757,2008.GOP.NOM.SANFORD,Mark Sanford to be the Republican Presidential Nominee in 2008,5,0.3,Oct/28/2005 14:47:43
220757,2008.GOP.NOM.SANFORD,Mark Sanford to be the Republican Presidential Nominee in 2008,1,0.3,Oct/28/2005 14:54:59
220757,2008.GOP.NOM.SANFORD,Mark Sanford to be the Republican Presidential Nominee in 2008,4,0.2,Oct/28/2005 15:10:25
220757,2008.GOP.NOM.SANFORD,Mark Sanford to be the Republican Presidential Nominee in 2008,1,0.2,Oct/29/2005 01:33:56
220757,2008.GOP.NOM.SANFORD,Mark Sanford to be the Republican Presidential Nominee in 2008,3,0.2,Oct/29/2005 02:00:26
220757,2008.GOP.NOM.SANFORD,Mark Sanford to be the Republican Presidential Nominee in 2008,1,0.2,Oct/29/2005 02:42:05
220757,2008.GOP.NOM.SANFORD,Mark Sanford to be the Republican Presidential Nominee in 2008,1,0.2,Oct/29/2005 02:50:07
220757,2008.GOP.NOM.SANFORD,Mark Sanford to be the Republican Presidential Nominee in 2008,1,0.2,Oct/29/2005 12:25:05
220757,2008.GOP.NOM.SANFORD,Mark Sanford to be the Republican Presidential Nominee in 2008,1,0.2,Oct/30/2005 16:38:58
220757,2008.GOP.NOM.SANFORD,Mark Sanford to be the Republican Presidential Nominee in 2008,2,0.2,Oct/30/2005 16:40:33
220757,2008.GOP.NOM.SANFORD,Mark Sanford to be the Republican Presidential Nominee in 2008,2,0.2,Oct/30/2005 16:41:30
220757,2008.GOP.NOM.SANFORD,Mark Sanford to be the Republican Presidential Nominee in 2008,1,0.2,Oct/30/2005 16:42:46
220757,2008.GOP.NOM.SANFORD,Mark Sanford to be the Republican Presidential Nominee in 2008,1,0.2,Oct/31/2005 22:33:55
220757,2008.GOP.NOM.SANFORD,Mark Sanford to be the Republican Presidential Nominee in 2008,4,0.2,Oct/31/2005 23:02:50
220757,2008.GOP.NOM.SANFORD,Mark Sanford to be the Republican Presidential Nominee in 2008,3,0.2,Oct/31/2005 23:08:30
220757,2008.GOP.NOM.SANFORD,Mark Sanford to be the Republican Presidential Nominee in 2008,1,0.2,Oct/31/2005 23:12:12
220757,2008.GOP.NOM.SANFORD,Mark Sanford to be the Republican Presidential Nominee in 2008,1,0.2,Nov/05/2005 06:42:22
220757,2008.GOP.NOM.SANFORD,Mark Sanford to be the Republican Presidential Nominee in 2008,1,0.2,Nov/05/2005 06:43:45
220757,2008.GOP.NOM.SANFORD,Mark Sanford to be the Republican Presidential Nominee in 2008,7,0.2,Nov/05/2005 06:46:15
220757,2008.GOP.NOM.SANFORD,Mark Sanford to be the Republican Presidential Nominee in 2008,1,0.2,Nov/05/2005 06:58:06
220757,2008.GOP.NOM.SANFORD,Mark Sanford to be the Republican Presidential Nominee in 2008,19,0.2,Nov/09/2005 17:19:56
220757,2008.GOP.NOM.SANFORD,Mark Sanford to be the Republican Presidential Nominee in 2008,1,0.1,Nov/09/2005 17:40:10
220757,2008.GOP.NOM.SANFORD,Mark Sanford to be the Republican Presidential Nominee in 2008,6,0.1,Nov/09/2005 17:41:37
220757,2008.GOP.NOM.SANFORD,Mark Sanford to be the Republican Presidential Nominee in 2008,3,0.1,Nov/09/2005 17:42:13
220757,2008.GOP.NOM.SANFORD,Mark Sanford to be the Republican Presidential Nominee in 2008,1,0.1,Nov/09/2005 19:16:57
220757,2008.GOP.NOM.SANFORD,Mark Sanford to be the Republican Presidential Nominee in 2008,2,0.1,Nov/10/2005 05:28:54
220757,2008.GOP.NOM.SANFORD,Mark Sanford to be the Republican Presidential Nominee in 2008,1,0.1,Nov/10/2005 05:31:34
220757,2008.GOP.NOM.SANFORD,Mark Sanford to be the Republican Presidential Nominee in 2008,1,0.1,Nov/10/2005 05:34:38
220757,2008.GOP.NOM.SANFORD,Mark Sanford to be the Republican Presidential Nominee in 2008,1,0.1,Nov/10/2005 05:34:38
220757,2008.GOP.NOM.SANFORD,Mark Sanford to be the Republican Presidential Nominee in 2008,1,0.1,Nov/10/2005 05:45:11
220757,2008.GOP.NOM.SANFORD,Mark Sanford to be the Republican Presidential Nominee in 2008,1,0.1,Nov/10/2005 05:46:51
220757,2008.GOP.NOM.SANFORD,Mark Sanford to be the Republican Presidential Nominee in 2008,2,0.1,Nov/10/2005 22:51:38
220757,2008.GOP.NOM.SANFORD,Mark Sanford to be the Republican Presidential Nominee in 2008,2,0.1,Nov/10/2005 22:52:10
220757,2008.GOP.NOM.SANFORD,Mark Sanford to be the Republican Presidential Nominee in 2008,1,0.1,Nov/10/2005 23:04:42
220757,2008.GOP.NOM.SANFORD,Mark Sanford to be the Republican Presidential Nominee in 2008,5,0.1,Nov/10/2005 23:05:08
220757,2008.GOP.NOM.SANFORD,Mark Sanford to be the Republican Presidential Nominee in 2008,2,0.1,Nov/10/2005 23:08:17
220757,2008.GOP.NOM.SANFORD,Mark Sanford to be the Republican Presidential Nominee in 2008,1,0.1,Nov/10/2005 23:08:53
220757,2008.GOP.NOM.SANFORD,Mark Sanford to be the Republican Presidential Nominee in 2008,2,0.1,Nov/10/2005 23:09:08
220757,2008.GOP.NOM.SANFORD,Mark Sanford to be the Republican Presidential Nominee in 2008,2,0.1,Nov/10/2005 23:10:07
220757,2008.GOP.NOM.SANFORD,Mark Sanford to be the Republican Presidential Nominee in 2008,1,0.1,Nov/10/2005 23:10:07
220757,2008.GOP.NOM.SANFORD,Mark Sanford to be the Republican Presidential Nominee in 2008,1,0.1,Nov/10/2005 23:10:07
220757,2008.GOP.NOM.SANFORD,Mark Sanford to be the Republican Presidential Nominee in 2008,1,0.1,Nov/10/2005 23:10:07
220757,2008.GOP.NOM.SANFORD,Mark Sanford to be the Republican Presidential Nominee in 2008,2,0.1,Nov/10/2005 23:10:46
220757,2008.GOP.NOM.SANFORD,Mark Sanford to be the Republican Presidential Nominee in 2008,7,0.1,Nov/10/2005 23:11:15
220757,2008.GOP.NOM.SANFORD,Mark Sanford to be the Republican Presidential Nominee in 2008,2,0.1,Nov/10/2005 23:11:15
220757,2008.GOP.NOM.SANFORD,Mark Sanford to be the Republican Presidential Nominee in 2008,1,0.4,Nov/21/2005 18:55:41
220757,2008.GOP.NOM.SANFORD,Mark Sanford to be the Republican Presidential Nominee in 2008,1,0.4,Nov/30/2005 20:32:44
220757,2008.GOP.NOM.SANFORD,Mark Sanford to be the Republican Presidential Nominee in 2008,154,0.4,Nov/30/2005 20:33:13
220757,2008.GOP.NOM.SANFORD,Mark Sanford to be the Republican Presidential Nominee in 2008,10,0.4,Nov/30/2005 20:33:13
220757,2008.GOP.NOM.SANFORD,Mark Sanford to be the Republican Presidential Nominee in 2008,100,0.4,Dec/05/2005 21:58:29
220757,2008.GOP.NOM.SANFORD,Mark Sanford to be the Republican Presidential Nominee in 2008,1,0.1,Jan/05/2006 06:59:18
220757,2008.GOP.NOM.SANFORD,Mark Sanford to be the Republican Presidential Nominee in 2008,5,0.4,Jan/05/2006 23:48:34
220757,2008.GOP.NOM.SANFORD,Mark Sanford to be the Republican Presidential Nominee in 2008,1,0.2,Jan/18/2006 08:52:19
220757,2008.GOP.NOM.SANFORD,Mark Sanford to be the Republican Presidential Nominee in 2008,1,0.3,Jan/23/2006 15:01:02
220757,2008.GOP.NOM.SANFORD,Mark Sanford to be the Republican Presidential Nominee in 2008,1,0.3,Jan/23/2006 16:15:46
220757,2008.GOP.NOM.SANFORD,Mark Sanford to be the Republican Presidential Nominee in 2008,1,0.3,Jan/23/2006 16:18:28
220757,2008.GOP.NOM.SANFORD,Mark Sanford to be the Republican Presidential Nominee in 2008,1,0.3,Jan/23/2006 16:20:35
220757,2008.GOP.NOM.SANFORD,Mark Sanford to be the Republican Presidential Nominee in 2008,1,0.3,Jan/23/2006 16:23:35
220757,2008.GOP.NOM.SANFORD,Mark Sanford to be the Republican Presidential Nominee in 2008,3,0.3,Jan/23/2006 16:24:14
220757,2008.GOP.NOM.SANFORD,Mark Sanford to be the Republican Presidential Nominee in 2008,2,0.3,Jan/23/2006 16:26:06
220757,2008.GOP.NOM.SANFORD,Mark Sanford to be the Republican Presidential Nominee in 2008,3,0.3,Jan/23/2006 16:31:15
220757,2008.GOP.NOM.SANFORD,Mark Sanford to be the Republican Presidential Nominee in 2008,1,0.3,Jan/23/2006 16:49:22
220757,2008.GOP.NOM.SANFORD,Mark Sanford to be the Republican Presidential Nominee in 2008,2,0.3,Jan/23/2006 16:51:38
220757,2008.GOP.NOM.SANFORD,Mark Sanford to be the Republican Presidential Nominee in 2008,2,0.3,Jan/23/2006 16:54:57
220757,2008.GOP.NOM.SANFORD,Mark Sanford to be the Republican Presidential Nominee in 2008,7,0.3,Jan/23/2006 16:57:00
220757,2008.GOP.NOM.SANFORD,Mark Sanford to be the Republican Presidential Nominee in 2008,1,0.3,Jan/24/2006 21:07:44
220757,2008.GOP.NOM.SANFORD,Mark Sanford to be the Republican Presidential Nominee in 2008,1,0.3,Jan/25/2006 06:33:08
220757,2008.GOP.NOM.SANFORD,Mark Sanford to be the Republican Presidential Nominee in 2008,1,0.3,Jan/25/2006 06:34:10
220757,2008.GOP.NOM.SANFORD,Mark Sanford to be the Republican Presidential Nominee in 2008,2,0.3,Jan/25/2006 06:34:49
220757,2008.GOP.NOM.SANFORD,Mark Sanford to be the Republican Presidential Nominee in 2008,1,0.3,Jan/25/2006 06:36:07
220757,2008.GOP.NOM.SANFORD,Mark Sanford to be the Republican Presidential Nominee in 2008,1,0.3,Jan/25/2006 10:43:14
220757,2008.GOP.NOM.SANFORD,Mark Sanford to be the Republican Presidential Nominee in 2008,3,0.3,Jan/25/2006 10:43:52
220757,2008.GOP.NOM.SANFORD,Mark Sanford to be the Republican Presidential Nominee in 2008,1,0.3,Jan/25/2006 10:44:21
220757,2008.GOP.NOM.SANFORD,Mark Sanford to be the Republican Presidential Nominee in 2008,1,0.3,Jan/25/2006 10:45:02
220757,2008.GOP.NOM.SANFORD,Mark Sanford to be the Republican Presidential Nominee in 2008,8,0.3,Jan/25/2006 10:45:39
220757,2008.GOP.NOM.SANFORD,Mark Sanford to be the Republican Presidential Nominee in 2008,3,0.3,Jan/25/2006 10:46:06
220757,2008.GOP.NOM.SANFORD,Mark Sanford to be the Republican Presidential Nominee in 2008,2,0.3,Jan/25/2006 10:46:46
220757,2008.GOP.NOM.SANFORD,Mark Sanford to be the Republican Presidential Nominee in 2008,1,0.3,Jan/25/2006 10:49:27
220757,2008.GOP.NOM.SANFORD,Mark Sanford to be the Republican Presidential Nominee in 2008,1,0.3,Jan/27/2006 02:49:30
220757,2008.GOP.NOM.SANFORD,Mark Sanford to be the Republican Presidential Nominee in 2008,1,0.3,Jan/27/2006 03:49:46
220757,2008.GOP.NOM.SANFORD,Mark Sanford to be the Republican Presidential Nominee in 2008,1,0.3,Jan/27/2006 03:53:57
220757,2008.GOP.NOM.SANFORD,Mark Sanford to be the Republican Presidential Nominee in 2008,1,0.3,Jan/27/2006 06:27:36
220757,2008.GOP.NOM.SANFORD,Mark Sanford to be the Republican Presidential Nominee in 2008,1,0.3,Jan/27/2006 06:29:44
220757,2008.GOP.NOM.SANFORD,Mark Sanford to be the Republican Presidential Nominee in 2008,1,0.3,Jan/29/2006 08:15:46
220757,2008.GOP.NOM.SANFORD,Mark Sanford to be the Republican Presidential Nominee in 2008,2,0.3,Jan/30/2006 17:00:21
220757,2008.GOP.NOM.SANFORD,Mark Sanford to be the Republican Presidential Nominee in 2008,2,0.3,Jan/31/2006 06:09:59
220757,2008.GOP.NOM.SANFORD,Mark Sanford to be the Republican Presidential Nominee in 2008,1,0.3,Jan/31/2006 06:13:32
220757,2008.GOP.NOM.SANFORD,Mark Sanford to be the Republican Presidential Nominee in 2008,1,0.1,Feb/01/2006 00:09:51
220757,2008.GOP.NOM.SANFORD,Mark Sanford to be the Republican Presidential Nominee in 2008,2,0.1,Feb/01/2006 00:30:13
220757,2008.GOP.NOM.SANFORD,Mark Sanford to be the Republican Presidential Nominee in 2008,1,0.1,Feb/01/2006 00:30:48
220757,2008.GOP.NOM.SANFORD,Mark Sanford to be the Republican Presidential Nominee in 2008,1,0.1,Feb/01/2006 00:32:52
220757,2008.GOP.NOM.SANFORD,Mark Sanford to be the Republican Presidential Nominee in 2008,2,0.1,Feb/01/2006 00:36:33
220757,2008.GOP.NOM.SANFORD,Mark Sanford to be the Republican Presidential Nominee in 2008,2,0.1,Feb/01/2006 00:36:53
220757,2008.GOP.NOM.SANFORD,Mark Sanford to be the Republican Presidential Nominee in 2008,1,0.1,Feb/01/2006 00:37:19
220757,2008.GOP.NOM.SANFORD,Mark Sanford to be the Republican Presidential Nominee in 2008,1,0.1,Feb/01/2006 00:39:14
220757,2008.GOP.NOM.SANFORD,Mark Sanford to be the Republican Presidential Nominee in 2008,2,0.1,Feb/01/2006 00:46:18
220757,2008.GOP.NOM.SANFORD,Mark Sanford to be the Republican Presidential Nominee in 2008,1,0.1,Feb/01/2006 01:50:03
220757,2008.GOP.NOM.SANFORD,Mark Sanford to be the Republican Presidential Nominee in 2008,1,0.1,Feb/01/2006 01:52:05
220757,2008.GOP.NOM.SANFORD,Mark Sanford to be the Republican Presidential Nominee in 2008,1,0.1,Feb/01/2006 23:33:55
220757,2008.GOP.NOM.SANFORD,Mark Sanford to be the Republican Presidential Nominee in 2008,1,0.1,Feb/01/2006 23:34:54
220757,2008.GOP.NOM.SANFORD,Mark Sanford to be the Republican Presidential Nominee in 2008,2,0.1,Feb/02/2006 09:26:36
220757,2008.GOP.NOM.SANFORD,Mark Sanford to be the Republican Presidential Nominee in 2008,1,0.1,Feb/02/2006 09:27:49
220757,2008.GOP.NOM.SANFORD,Mark Sanford to be the Republican Presidential Nominee in 2008,4,0.1,Feb/02/2006 09:28:18
220757,2008.GOP.NOM.SANFORD,Mark Sanford to be the Republican Presidential Nominee in 2008,1,0.2,Feb/02/2006 12:18:29
220757,2008.GOP.NOM.SANFORD,Mark Sanford to be the Republican Presidential Nominee in 2008,2,0.2,Feb/02/2006 13:52:01
220757,2008.GOP.NOM.SANFORD,Mark Sanford to be the Republican Presidential Nominee in 2008,3,0.2,Feb/02/2006 13:52:50
220757,2008.GOP.NOM.SANFORD,Mark Sanford to be the Republican Presidential Nominee in 2008,2,0.2,Feb/02/2006 13:53:15
220757,2008.GOP.NOM.SANFORD,Mark Sanford to be the Republican Presidential Nominee in 2008,3,0.2,Feb/02/2006 14:43:43
220757,2008.GOP.NOM.SANFORD,Mark Sanford to be the Republican Presidential Nominee in 2008,1,0.2,Feb/02/2006 20:00:54
220757,2008.GOP.NOM.SANFORD,Mark Sanford to be the Republican Presidential Nominee in 2008,1,0.2,Feb/02/2006 20:02:57
220757,2008.GOP.NOM.SANFORD,Mark Sanford to be the Republican Presidential Nominee in 2008,1,0.1,Feb/03/2006 16:02:54
220757,2008.GOP.NOM.SANFORD,Mark Sanford to be the Republican Presidential Nominee in 2008,1,0.1,Feb/03/2006 16:04:15
220757,2008.GOP.NOM.SANFORD,Mark Sanford to be the Republican Presidential Nominee in 2008,3,0.1,Feb/03/2006 16:16:02
220757,2008.GOP.NOM.SANFORD,Mark Sanford to be the Republican Presidential Nominee in 2008,4,0.1,Feb/03/2006 16:16:36
220757,2008.GOP.NOM.SANFORD,Mark Sanford to be the Republican Presidential Nominee in 2008,1,0.1,Feb/03/2006 21:12:04
220757,2008.GOP.NOM.SANFORD,Mark Sanford to be the Republican Presidential Nominee in 2008,1,0.1,Feb/04/2006 17:08:49
220757,2008.GOP.NOM.SANFORD,Mark Sanford to be the Republican Presidential Nominee in 2008,1,0.1,Feb/04/2006 22:48:41
220757,2008.GOP.NOM.SANFORD,Mark Sanford to be the Republican Presidential Nominee in 2008,1,0.1,Feb/05/2006 07:43:03
220757,2008.GOP.NOM.SANFORD,Mark Sanford to be the Republican Presidential Nominee in 2008,1,0.1,Feb/05/2006 07:44:50
220757,2008.GOP.NOM.SANFORD,Mark Sanford to be the Republican Presidential Nominee in 2008,1,0.1,Feb/05/2006 07:45:59
220757,2008.GOP.NOM.SANFORD,Mark Sanford to be the Republican Presidential Nominee in 2008,1,0.1,Feb/05/2006 16:00:28
220757,2008.GOP.NOM.SANFORD,Mark Sanford to be the Republican Presidential Nominee in 2008,1,0.1,Feb/05/2006 16:01:07
220757,2008.GOP.NOM.SANFORD,Mark Sanford to be the Republican Presidential Nominee in 2008,5,0.1,Feb/05/2006 16:04:49
220757,2008.GOP.NOM.SANFORD,Mark Sanford to be the Republican Presidential Nominee in 2008,3,0.1,Feb/05/2006 16:05:24
220757,2008.GOP.NOM.SANFORD,Mark Sanford to be the Republican Presidential Nominee in 2008,9,0.1,Feb/05/2006 16:07:23
220757,2008.GOP.NOM.SANFORD,Mark Sanford to be the Republican Presidential Nominee in 2008,1,0.1,Feb/05/2006 16:07:23
220757,2008.GOP.NOM.SANFORD,Mark Sanford to be the Republican Presidential Nominee in 2008,1,0.1,Feb/05/2006 16:39:49
220757,2008.GOP.NOM.SANFORD,Mark Sanford to be the Republican Presidential Nominee in 2008,4,0.1,Feb/07/2006 14:33:18
220757,2008.GOP.NOM.SANFORD,Mark Sanford to be the Republican Presidential Nominee in 2008,2,0.1,Feb/07/2006 14:42:22
220757,2008.GOP.NOM.SANFORD,Mark Sanford to be the Republican Presidential Nominee in 2008,1,0.1,Feb/07/2006 14:42:53
220757,2008.GOP.NOM.SANFORD,Mark Sanford to be the Republican Presidential Nominee in 2008,5,0.1,Feb/07/2006 14:44:08
220757,2008.GOP.NOM.SANFORD,Mark Sanford to be the Republican Presidential Nominee in 2008,5,0.1,Feb/07/2006 14:48:46
220757,2008.GOP.NOM.SANFORD,Mark Sanford to be the Republican Presidential Nominee in 2008,3,0.1,Feb/07/2006 14:52:15
220757,2008.GOP.NOM.SANFORD,Mark Sanford to be the Republican Presidential Nominee in 2008,2,0.1,Feb/09/2006 18:58:33
220757,2008.GOP.NOM.SANFORD,Mark Sanford to be the Republican Presidential Nominee in 2008,1,0.1,Feb/09/2006 21:15:14
220757,2008.GOP.NOM.SANFORD,Mark Sanford to be the Republican Presidential Nominee in 2008,3,0.1,Feb/09/2006 21:35:41
220757,2008.GOP.NOM.SANFORD,Mark Sanford to be the Republican Presidential Nominee in 2008,1,0.1,Feb/10/2006 06:26:07
220757,2008.GOP.NOM.SANFORD,Mark Sanford to be the Republican Presidential Nominee in 2008,1,0.1,Feb/10/2006 23:17:28
220757,2008.GOP.NOM.SANFORD,Mark Sanford to be the Republican Presidential Nominee in 2008,4,0.1,Feb/10/2006 23:17:50
220757,2008.GOP.NOM.SANFORD,Mark Sanford to be the Republican Presidential Nominee in 2008,3,0.1,Feb/10/2006 23:18:29
220757,2008.GOP.NOM.SANFORD,Mark Sanford to be the Republican Presidential Nominee in 2008,1,0.1,Feb/10/2006 23:19:08
220757,2008.GOP.NOM.SANFORD,Mark Sanford to be the Republican Presidential Nominee in 2008,1,0.1,Feb/11/2006 00:14:05
220757,2008.GOP.NOM.SANFORD,Mark Sanford to be the Republican Presidential Nominee in 2008,1,0.1,Feb/11/2006 07:54:13
220757,2008.GOP.NOM.SANFORD,Mark Sanford to be the Republican Presidential Nominee in 2008,1,0.1,Feb/12/2006 11:02:01
220757,2008.GOP.NOM.SANFORD,Mark Sanford to be the Republican Presidential Nominee in 2008,1,0.1,Feb/12/2006 11:08:38
220757,2008.GOP.NOM.SANFORD,Mark Sanford to be the Republican Presidential Nominee in 2008,2,0.1,Feb/13/2006 06:37:02
220757,2008.GOP.NOM.SANFORD,Mark Sanford to be the Republican Presidential Nominee in 2008,1,0.1,Feb/13/2006 06:42:43
220757,2008.GOP.NOM.SANFORD,Mark Sanford to be the Republican Presidential Nominee in 2008,2,0.1,Feb/13/2006 06:48:58
220757,2008.GOP.NOM.SANFORD,Mark Sanford to be the Republican Presidential Nominee in 2008,1,0.1,Feb/13/2006 06:50:10
220757,2008.GOP.NOM.SANFORD,Mark Sanford to be the Republican Presidential Nominee in 2008,1,0.1,Feb/13/2006 16:04:01
220757,2008.GOP.NOM.SANFORD,Mark Sanford to be the Republican Presidential Nominee in 2008,3,0.1,Feb/13/2006 16:19:40
220757,2008.GOP.NOM.SANFORD,Mark Sanford to be the Republican Presidential Nominee in 2008,1,0.1,Feb/14/2006 14:52:52
220757,2008.GOP.NOM.SANFORD,Mark Sanford to be the Republican Presidential Nominee in 2008,1,0.1,Feb/15/2006 06:40:34
220757,2008.GOP.NOM.SANFORD,Mark Sanford to be the Republican Presidential Nominee in 2008,1,0.1,Feb/15/2006 20:52:11
220757,2008.GOP.NOM.SANFORD,Mark Sanford to be the Republican Presidential Nominee in 2008,1,0.1,Feb/16/2006 13:39:38
220757,2008.GOP.NOM.SANFORD,Mark Sanford to be the Republican Presidential Nominee in 2008,1,0.1,Feb/16/2006 16:20:38
220757,2008.GOP.NOM.SANFORD,Mark Sanford to be the Republican Presidential Nominee in 2008,1,0.1,Feb/16/2006 16:29:13
220757,2008.GOP.NOM.SANFORD,Mark Sanford to be the Republican Presidential Nominee in 2008,2,0.1,Feb/16/2006 16:33:50
220757,2008.GOP.NOM.SANFORD,Mark Sanford to be the Republican Presidential Nominee in 2008,2,0.1,Feb/17/2006 05:57:01
220757,2008.GOP.NOM.SANFORD,Mark Sanford to be the Republican Presidential Nominee in 2008,1,0.1,Feb/17/2006 05:59:52
220757,2008.GOP.NOM.SANFORD,Mark Sanford to be the Republican Presidential Nominee in 2008,2,0.1,Feb/17/2006 06:00:51
220757,2008.GOP.NOM.SANFORD,Mark Sanford to be the Republican Presidential Nominee in 2008,1,0.1,Feb/17/2006 06:01:44
220757,2008.GOP.NOM.SANFORD,Mark Sanford to be the Republican Presidential Nominee in 2008,1,0.1,Feb/17/2006 11:55:10
220757,2008.GOP.NOM.SANFORD,Mark Sanford to be the Republican Presidential Nominee in 2008,1,0.1,Feb/17/2006 16:39:50
220757,2008.GOP.NOM.SANFORD,Mark Sanford to be the Republican Presidential Nominee in 2008,5,0.2,Feb/25/2006 12:41:25
220757,2008.GOP.NOM.SANFORD,Mark Sanford to be the Republican Presidential Nominee in 2008,6,0.2,Feb/25/2006 12:41:25
220757,2008.GOP.NOM.SANFORD,Mark Sanford to be the Republican Presidential Nominee in 2008,5,0.2,Feb/25/2006 12:41:25
220757,2008.GOP.NOM.SANFORD,Mark Sanford to be the Republican Presidential Nominee in 2008,1,0.1,Feb/26/2006 18:20:38
220757,2008.GOP.NOM.SANFORD,Mark Sanford to be the Republican Presidential Nominee in 2008,1,0.1,Feb/26/2006 18:21:48
220757,2008.GOP.NOM.SANFORD,Mark Sanford to be the Republican Presidential Nominee in 2008,2,0.1,Feb/26/2006 18:22:24
220757,2008.GOP.NOM.SANFORD,Mark Sanford to be the Republican Presidential Nominee in 2008,2,0.1,Feb/27/2006 03:05:04
220757,2008.GOP.NOM.SANFORD,Mark Sanford to be the Republican Presidential Nominee in 2008,3,0.1,Feb/27/2006 03:13:27
220757,2008.GOP.NOM.SANFORD,Mark Sanford to be the Republican Presidential Nominee in 2008,2,0.1,Feb/27/2006 20:13:26
220757,2008.GOP.NOM.SANFORD,Mark Sanford to be the Republican Presidential Nominee in 2008,9,0.1,Feb/28/2006 02:08:44
220757,2008.GOP.NOM.SANFORD,Mark Sanford to be the Republican Presidential Nominee in 2008,20,0.1,Mar/01/2006 18:25:58
220757,2008.GOP.NOM.SANFORD,Mark Sanford to be the Republican Presidential Nominee in 2008,30,0.1,Mar/01/2006 21:35:08
220757,2008.GOP.NOM.SANFORD,Mark Sanford to be the Republican Presidential Nominee in 2008,1,0.1,Mar/19/2006 11:46:03
220757,2008.GOP.NOM.SANFORD,Mark Sanford to be the Republican Presidential Nominee in 2008,1,0.1,Mar/20/2006 20:51:33
220757,2008.GOP.NOM.SANFORD,Mark Sanford to be the Republican Presidential Nominee in 2008,2,0.1,Mar/20/2006 20:51:33
220757,2008.GOP.NOM.SANFORD,Mark Sanford to be the Republican Presidential Nominee in 2008,9,0.1,Mar/20/2006 20:51:33
220757,2008.GOP.NOM.SANFORD,Mark Sanford to be the Republican Presidential Nominee in 2008,142,0.1,Mar/20/2006 20:51:33
220757,2008.GOP.NOM.SANFORD,Mark Sanford to be the Republican Presidential Nominee in 2008,2,0.1,Mar/20/2006 20:51:33
220757,2008.GOP.NOM.SANFORD,Mark Sanford to be the Republican Presidential Nominee in 2008,2,0.1,Mar/20/2006 20:51:33
220757,2008.GOP.NOM.SANFORD,Mark Sanford to be the Republican Presidential Nominee in 2008,2,0.1,Mar/20/2006 20:51:33
220757,2008.GOP.NOM.SANFORD,Mark Sanford to be the Republican Presidential Nominee in 2008,1,0.1,Mar/20/2006 20:51:33
220757,2008.GOP.NOM.SANFORD,Mark Sanford to be the Republican Presidential Nominee in 2008,14,0.1,Mar/20/2006 20:51:33
220757,2008.GOP.NOM.SANFORD,Mark Sanford to be the Republican Presidential Nominee in 2008,3,0.1,Mar/20/2006 20:51:33
220757,2008.GOP.NOM.SANFORD,Mark Sanford to be the Republican Presidential Nominee in 2008,1,0.1,Mar/20/2006 20:51:33
220757,2008.GOP.NOM.SANFORD,Mark Sanford to be the Republican Presidential Nominee in 2008,1,0.1,Mar/20/2006 20:51:33
220757,2008.GOP.NOM.SANFORD,Mark Sanford to be the Republican Presidential Nominee in 2008,2,0.1,Mar/20/2006 20:51:33
220757,2008.GOP.NOM.SANFORD,Mark Sanford to be the Republican Presidential Nominee in 2008,2,0.1,Mar/20/2006 20:51:33
220757,2008.GOP.NOM.SANFORD,Mark Sanford to be the Republican Presidential Nominee in 2008,4,0.1,Mar/20/2006 20:51:33
220757,2008.GOP.NOM.SANFORD,Mark Sanford to be the Republican Presidential Nominee in 2008,2,0.1,Mar/20/2006 20:51:33
220757,2008.GOP.NOM.SANFORD,Mark Sanford to be the Republican Presidential Nominee in 2008,3,0.1,Mar/20/2006 20:51:33
220757,2008.GOP.NOM.SANFORD,Mark Sanford to be the Republican Presidential Nominee in 2008,3,0.1,Mar/20/2006 20:51:33
220757,2008.GOP.NOM.SANFORD,Mark Sanford to be the Republican Presidential Nominee in 2008,4,0.1,Mar/20/2006 20:51:33
220757,2008.GOP.NOM.SANFORD,Mark Sanford to be the Republican Presidential Nominee in 2008,1,0.1,Mar/20/2006 20:51:33
220757,2008.GOP.NOM.SANFORD,Mark Sanford to be the Republican Presidential Nominee in 2008,2,0.1,Mar/20/2006 20:51:33
220757,2008.GOP.NOM.SANFORD,Mark Sanford to be the Republican Presidential Nominee in 2008,1,0.1,Mar/20/2006 20:51:33
220757,2008.GOP.NOM.SANFORD,Mark Sanford to be the Republican Presidential Nominee in 2008,2,0.1,Mar/20/2006 20:51:33
220757,2008.GOP.NOM.SANFORD,Mark Sanford to be the Republican Presidential Nominee in 2008,2,0.1,Mar/20/2006 20:51:33
220757,2008.GOP.NOM.SANFORD,Mark Sanford to be the Republican Presidential Nominee in 2008,2,0.1,Mar/20/2006 20:51:33
220757,2008.GOP.NOM.SANFORD,Mark Sanford to be the Republican Presidential Nominee in 2008,8,0.1,Mar/20/2006 20:51:33
220757,2008.GOP.NOM.SANFORD,Mark Sanford to be the Republican Presidential Nominee in 2008,2,0.1,Mar/20/2006 20:51:33
220757,2008.GOP.NOM.SANFORD,Mark Sanford to be the Republican Presidential Nominee in 2008,3,0.1,Mar/20/2006 20:51:33
220757,2008.GOP.NOM.SANFORD,Mark Sanford to be the Republican Presidential Nominee in 2008,3,0.1,Mar/20/2006 20:51:33
220757,2008.GOP.NOM.SANFORD,Mark Sanford to be the Republican Presidential Nominee in 2008,1,0.1,Mar/20/2006 20:51:33
220757,2008.GOP.NOM.SANFORD,Mark Sanford to be the Republican Presidential Nominee in 2008,1,0.1,Mar/20/2006 20:51:33
220757,2008.GOP.NOM.SANFORD,Mark Sanford to be the Republican Presidential Nominee in 2008,5,0.1,Mar/20/2006 20:51:33
220757,2008.GOP.NOM.SANFORD,Mark Sanford to be the Republican Presidential Nominee in 2008,6,0.1,Mar/20/2006 20:51:33
220757,2008.GOP.NOM.SANFORD,Mark Sanford to be the Republican Presidential Nominee in 2008,2,0.1,Mar/20/2006 20:51:33
220757,2008.GOP.NOM.SANFORD,Mark Sanford to be the Republican Presidential Nominee in 2008,3,0.1,Mar/20/2006 20:51:33
220757,2008.GOP.NOM.SANFORD,Mark Sanford to be the Republican Presidential Nominee in 2008,16,0.1,Mar/20/2006 20:51:33
220757,2008.GOP.NOM.SANFORD,Mark Sanford to be the Republican Presidential Nominee in 2008,5,0.1,Mar/20/2006 20:51:33
220757,2008.GOP.NOM.SANFORD,Mark Sanford to be the Republican Presidential Nominee in 2008,9,0.1,Mar/20/2006 20:51:33
220757,2008.GOP.NOM.SANFORD,Mark Sanford to be the Republican Presidential Nominee in 2008,4,0.1,Mar/20/2006 20:51:33
220757,2008.GOP.NOM.SANFORD,Mark Sanford to be the Republican Presidential Nominee in 2008,3,0.1,Mar/20/2006 20:51:33
220757,2008.GOP.NOM.SANFORD,Mark Sanford to be the Republican Presidential Nominee in 2008,1,0.1,Mar/20/2006 20:51:33
220757,2008.GOP.NOM.SANFORD,Mark Sanford to be the Republican Presidential Nominee in 2008,2,0.1,Mar/20/2006 20:51:33
220757,2008.GOP.NOM.SANFORD,Mark Sanford to be the Republican Presidential Nominee in 2008,1,0.1,Mar/20/2006 20:51:33
220757,2008.GOP.NOM.SANFORD,Mark Sanford to be the Republican Presidential Nominee in 2008,4,0.1,Mar/20/2006 20:51:33
220757,2008.GOP.NOM.SANFORD,Mark Sanford to be the Republican Presidential Nominee in 2008,1,0.1,Mar/20/2006 20:51:33
220757,2008.GOP.NOM.SANFORD,Mark Sanford to be the Republican Presidential Nominee in 2008,1,0.1,Mar/20/2006 20:51:33
220757,2008.GOP.NOM.SANFORD,Mark Sanford to be the Republican Presidential Nominee in 2008,1,0.1,Mar/20/2006 20:51:33
220757,2008.GOP.NOM.SANFORD,Mark Sanford to be the Republican Presidential Nominee in 2008,3,0.1,Mar/20/2006 20:51:33
220757,2008.GOP.NOM.SANFORD,Mark Sanford to be the Republican Presidential Nominee in 2008,1,0.1,Mar/20/2006 20:51:33
220757,2008.GOP.NOM.SANFORD,Mark Sanford to be the Republican Presidential Nominee in 2008,1,0.1,Mar/20/2006 20:51:33
220757,2008.GOP.NOM.SANFORD,Mark Sanford to be the Republican Presidential Nominee in 2008,1,0.1,Mar/20/2006 20:51:33
220757,2008.GOP.NOM.SANFORD,Mark Sanford to be the Republican Presidential Nominee in 2008,1,0.1,Mar/20/2006 20:51:33
220757,2008.GOP.NOM.SANFORD,Mark Sanford to be the Republican Presidential Nominee in 2008,1,0.1,Mar/20/2006 20:51:33
220757,2008.GOP.NOM.SANFORD,Mark Sanford to be the Republican Presidential Nominee in 2008,3,0.1,Mar/20/2006 20:51:33
220757,2008.GOP.NOM.SANFORD,Mark Sanford to be the Republican Presidential Nominee in 2008,1,0.1,Mar/20/2006 20:51:33
220757,2008.GOP.NOM.SANFORD,Mark Sanford to be the Republican Presidential Nominee in 2008,1,0.1,Mar/20/2006 20:51:33
220757,2008.GOP.NOM.SANFORD,Mark Sanford to be the Republican Presidential Nominee in 2008,4,0.1,Mar/20/2006 20:51:33
220757,2008.GOP.NOM.SANFORD,Mark Sanford to be the Republican Presidential Nominee in 2008,1,0.1,Mar/20/2006 20:51:33
220757,2008.GOP.NOM.SANFORD,Mark Sanford to be the Republican Presidential Nominee in 2008,1,0.1,Mar/20/2006 20:51:33
220757,2008.GOP.NOM.SANFORD,Mark Sanford to be the Republican Presidential Nominee in 2008,2,0.1,Mar/20/2006 20:51:33
220757,2008.GOP.NOM.SANFORD,Mark Sanford to be the Republican Presidential Nominee in 2008,2,0.1,Mar/20/2006 20:51:33
220757,2008.GOP.NOM.SANFORD,Mark Sanford to be the Republican Presidential Nominee in 2008,1,0.1,Mar/20/2006 20:51:33
220757,2008.GOP.NOM.SANFORD,Mark Sanford to be the Republican Presidential Nominee in 2008,1,0.1,Mar/20/2006 20:51:33
220757,2008.GOP.NOM.SANFORD,Mark Sanford to be the Republican Presidential Nominee in 2008,2,0.1,Mar/20/2006 20:51:33
220757,2008.GOP.NOM.SANFORD,Mark Sanford to be the Republican Presidential Nominee in 2008,2,0.1,Mar/20/2006 20:51:33
220757,2008.GOP.NOM.SANFORD,Mark Sanford to be the Republican Presidential Nominee in 2008,2,0.1,Mar/20/2006 20:51:33
220757,2008.GOP.NOM.SANFORD,Mark Sanford to be the Republican Presidential Nominee in 2008,1,0.1,Mar/20/2006 20:51:33
220757,2008.GOP.NOM.SANFORD,Mark Sanford to be the Republican Presidential Nominee in 2008,4,0.1,Mar/20/2006 20:51:33
220757,2008.GOP.NOM.SANFORD,Mark Sanford to be the Republican Presidential Nominee in 2008,1,0.1,Mar/20/2006 20:51:33
220757,2008.GOP.NOM.SANFORD,Mark Sanford to be the Republican Presidential Nominee in 2008,2,0.1,Mar/20/2006 20:51:33
220757,2008.GOP.NOM.SANFORD,Mark Sanford to be the Republican Presidential Nominee in 2008,3,0.1,Mar/20/2006 20:51:33
220757,2008.GOP.NOM.SANFORD,Mark Sanford to be the Republican Presidential Nominee in 2008,2,0.1,Mar/20/2006 20:51:33
220757,2008.GOP.NOM.SANFORD,Mark Sanford to be the Republican Presidential Nominee in 2008,1,0.1,Mar/20/2006 20:51:33
220757,2008.GOP.NOM.SANFORD,Mark Sanford to be the Republican Presidential Nominee in 2008,2,0.1,Mar/20/2006 20:51:33
220757,2008.GOP.NOM.SANFORD,Mark Sanford to be the Republican Presidential Nominee in 2008,1,0.1,Mar/20/2006 20:51:33
220757,2008.GOP.NOM.SANFORD,Mark Sanford to be the Republican Presidential Nominee in 2008,2,0.1,Mar/20/2006 20:51:33
220757,2008.GOP.NOM.SANFORD,Mark Sanford to be the Republican Presidential Nominee in 2008,1,0.1,Mar/20/2006 20:51:33
220757,2008.GOP.NOM.SANFORD,Mark Sanford to be the Republican Presidential Nominee in 2008,3,0.1,Mar/20/2006 20:51:33
220757,2008.GOP.NOM.SANFORD,Mark Sanford to be the Republican Presidential Nominee in 2008,1,0.1,Mar/20/2006 20:51:33
220757,2008.GOP.NOM.SANFORD,Mark Sanford to be the Republican Presidential Nominee in 2008,1,0.1,Mar/20/2006 20:51:33
220757,2008.GOP.NOM.SANFORD,Mark Sanford to be the Republican Presidential Nominee in 2008,2,0.1,Mar/20/2006 20:51:33
220757,2008.GOP.NOM.SANFORD,Mark Sanford to be the Republican Presidential Nominee in 2008,1,0.1,Mar/20/2006 20:51:33
220757,2008.GOP.NOM.SANFORD,Mark Sanford to be the Republican Presidential Nominee in 2008,2,0.1,Mar/20/2006 20:51:33
220757,2008.GOP.NOM.SANFORD,Mark Sanford to be the Republican Presidential Nominee in 2008,1,0.1,Mar/20/2006 20:51:33
220757,2008.GOP.NOM.SANFORD,Mark Sanford to be the Republican Presidential Nominee in 2008,5,0.1,Mar/20/2006 20:51:33
220757,2008.GOP.NOM.SANFORD,Mark Sanford to be the Republican Presidential Nominee in 2008,2,0.1,Mar/20/2006 20:51:33
220757,2008.GOP.NOM.SANFORD,Mark Sanford to be the Republican Presidential Nominee in 2008,3,0.1,Mar/20/2006 20:51:33
220757,2008.GOP.NOM.SANFORD,Mark Sanford to be the Republican Presidential Nominee in 2008,1,0.1,Mar/20/2006 20:51:33
220757,2008.GOP.NOM.SANFORD,Mark Sanford to be the Republican Presidential Nominee in 2008,3,0.1,Mar/20/2006 20:51:33
220757,2008.GOP.NOM.SANFORD,Mark Sanford to be the Republican Presidential Nominee in 2008,1,0.1,Mar/20/2006 20:51:33
220757,2008.GOP.NOM.SANFORD,Mark Sanford to be the Republican Presidential Nominee in 2008,1,0.1,Mar/20/2006 20:51:33
220757,2008.GOP.NOM.SANFORD,Mark Sanford to be the Republican Presidential Nominee in 2008,3,0.1,Mar/20/2006 20:51:33
220757,2008.GOP.NOM.SANFORD,Mark Sanford to be the Republican Presidential Nominee in 2008,6,0.1,Mar/20/2006 20:51:33
220757,2008.GOP.NOM.SANFORD,Mark Sanford to be the Republican Presidential Nominee in 2008,1,0.1,Mar/20/2006 20:51:33
220757,2008.GOP.NOM.SANFORD,Mark Sanford to be the Republican Presidential Nominee in 2008,2,0.1,Mar/20/2006 20:51:33
220757,2008.GOP.NOM.SANFORD,Mark Sanford to be the Republican Presidential Nominee in 2008,2,0.1,Mar/20/2006 20:51:33
220757,2008.GOP.NOM.SANFORD,Mark Sanford to be the Republican Presidential Nominee in 2008,1,0.1,Mar/20/2006 20:51:33
220757,2008.GOP.NOM.SANFORD,Mark Sanford to be the Republican Presidential Nominee in 2008,1,0.1,Mar/20/2006 20:51:33
220757,2008.GOP.NOM.SANFORD,Mark Sanford to be the Republican Presidential Nominee in 2008,3,0.1,Mar/20/2006 20:51:33
220757,2008.GOP.NOM.SANFORD,Mark Sanford to be the Republican Presidential Nominee in 2008,1,0.1,Mar/20/2006 20:51:33
220757,2008.GOP.NOM.SANFORD,Mark Sanford to be the Republican Presidential Nominee in 2008,13,0.1,Mar/20/2006 20:51:33
220757,2008.GOP.NOM.SANFORD,Mark Sanford to be the Republican Presidential Nominee in 2008,2,0.1,Mar/20/2006 20:51:33
220757,2008.GOP.NOM.SANFORD,Mark Sanford to be the Republican Presidential Nominee in 2008,1,0.1,Mar/20/2006 20:51:33
220757,2008.GOP.NOM.SANFORD,Mark Sanford to be the Republican Presidential Nominee in 2008,1,0.1,Mar/20/2006 20:51:33
220757,2008.GOP.NOM.SANFORD,Mark Sanford to be the Republican Presidential Nominee in 2008,4,0.1,Mar/20/2006 20:51:33
220757,2008.GOP.NOM.SANFORD,Mark Sanford to be the Republican Presidential Nominee in 2008,1,0.1,Mar/20/2006 20:51:33
220757,2008.GOP.NOM.SANFORD,Mark Sanford to be the Republican Presidential Nominee in 2008,4,0.1,Mar/20/2006 20:51:33
220757,2008.GOP.NOM.SANFORD,Mark Sanford to be the Republican Presidential Nominee in 2008,3,0.1,Mar/20/2006 20:51:33
220757,2008.GOP.NOM.SANFORD,Mark Sanford to be the Republican Presidential Nominee in 2008,2,0.1,Mar/20/2006 20:51:33
220757,2008.GOP.NOM.SANFORD,Mark Sanford to be the Republican Presidential Nominee in 2008,3,0.1,Mar/20/2006 20:51:33
220757,2008.GOP.NOM.SANFORD,Mark Sanford to be the Republican Presidential Nominee in 2008,1,0.1,Mar/20/2006 20:51:33
220757,2008.GOP.NOM.SANFORD,Mark Sanford to be the Republican Presidential Nominee in 2008,1,0.1,Mar/20/2006 20:51:33
220757,2008.GOP.NOM.SANFORD,Mark Sanford to be the Republican Presidential Nominee in 2008,2,0.1,Mar/20/2006 20:51:33
220757,2008.GOP.NOM.SANFORD,Mark Sanford to be the Republican Presidential Nominee in 2008,3,0.1,Mar/20/2006 20:51:33
220757,2008.GOP.NOM.SANFORD,Mark Sanford to be the Republican Presidential Nominee in 2008,3,0.1,Mar/20/2006 20:51:33
220757,2008.GOP.NOM.SANFORD,Mark Sanford to be the Republican Presidential Nominee in 2008,1,0.1,Mar/20/2006 20:51:33
220757,2008.GOP.NOM.SANFORD,Mark Sanford to be the Republican Presidential Nominee in 2008,4,0.1,Mar/20/2006 20:51:33
220757,2008.GOP.NOM.SANFORD,Mark Sanford to be the Republican Presidential Nominee in 2008,3,0.1,Mar/20/2006 20:51:33
220757,2008.GOP.NOM.SANFORD,Mark Sanford to be the Republican Presidential Nominee in 2008,2,0.1,Mar/20/2006 20:51:33
220757,2008.GOP.NOM.SANFORD,Mark Sanford to be the Republican Presidential Nominee in 2008,2,0.1,Mar/20/2006 20:51:33
220757,2008.GOP.NOM.SANFORD,Mark Sanford to be the Republican Presidential Nominee in 2008,2,0.1,Mar/20/2006 20:51:33
220757,2008.GOP.NOM.SANFORD,Mark Sanford to be the Republican Presidential Nominee in 2008,3,0.1,Mar/20/2006 20:51:33
220757,2008.GOP.NOM.SANFORD,Mark Sanford to be the Republican Presidential Nominee in 2008,2,0.1,Mar/20/2006 20:51:33
220757,2008.GOP.NOM.SANFORD,Mark Sanford to be the Republican Presidential Nominee in 2008,2,0.1,Mar/20/2006 20:51:33
220757,2008.GOP.NOM.SANFORD,Mark Sanford to be the Republican Presidential Nominee in 2008,2,0.1,Mar/20/2006 20:51:33
220757,2008.GOP.NOM.SANFORD,Mark Sanford to be the Republican Presidential Nominee in 2008,1,0.1,Mar/20/2006 20:51:33
220757,2008.GOP.NOM.SANFORD,Mark Sanford to be the Republican Presidential Nominee in 2008,3,0.1,Mar/20/2006 20:51:33
220757,2008.GOP.NOM.SANFORD,Mark Sanford to be the Republican Presidential Nominee in 2008,1,0.1,Mar/20/2006 20:51:33
220757,2008.GOP.NOM.SANFORD,Mark Sanford to be the Republican Presidential Nominee in 2008,1,0.1,Mar/20/2006 20:51:33
220757,2008.GOP.NOM.SANFORD,Mark Sanford to be the Republican Presidential Nominee in 2008,3,0.1,Mar/20/2006 20:51:33
220757,2008.GOP.NOM.SANFORD,Mark Sanford to be the Republican Presidential Nominee in 2008,1,0.1,Mar/20/2006 20:51:33
220757,2008.GOP.NOM.SANFORD,Mark Sanford to be the Republican Presidential Nominee in 2008,2,0.1,Mar/20/2006 20:51:33
220757,2008.GOP.NOM.SANFORD,Mark Sanford to be the Republican Presidential Nominee in 2008,2,0.1,Mar/20/2006 20:51:33
220757,2008.GOP.NOM.SANFORD,Mark Sanford to be the Republican Presidential Nominee in 2008,1,0.1,Mar/20/2006 20:51:33
220757,2008.GOP.NOM.SANFORD,Mark Sanford to be the Republican Presidential Nominee in 2008,1,0.1,Mar/20/2006 20:51:33
220757,2008.GOP.NOM.SANFORD,Mark Sanford to be the Republican Presidential Nominee in 2008,3,0.1,Mar/20/2006 20:51:33
220757,2008.GOP.NOM.SANFORD,Mark Sanford to be the Republican Presidential Nominee in 2008,1,0.1,Mar/20/2006 20:51:33
220757,2008.GOP.NOM.SANFORD,Mark Sanford to be the Republican Presidential Nominee in 2008,1,0.1,Mar/20/2006 20:51:33
220757,2008.GOP.NOM.SANFORD,Mark Sanford to be the Republican Presidential Nominee in 2008,2,0.1,Mar/20/2006 20:51:33
220757,2008.GOP.NOM.SANFORD,Mark Sanford to be the Republican Presidential Nominee in 2008,1,0.1,Mar/20/2006 20:51:33
220757,2008.GOP.NOM.SANFORD,Mark Sanford to be the Republican Presidential Nominee in 2008,2,0.1,Mar/20/2006 20:51:33
220757,2008.GOP.NOM.SANFORD,Mark Sanford to be the Republican Presidential Nominee in 2008,2,0.1,Mar/20/2006 20:51:33
220757,2008.GOP.NOM.SANFORD,Mark Sanford to be the Republican Presidential Nominee in 2008,1,0.1,Mar/20/2006 20:51:33
220757,2008.GOP.NOM.SANFORD,Mark Sanford to be the Republican Presidential Nominee in 2008,2,0.1,Mar/20/2006 20:51:33
220757,2008.GOP.NOM.SANFORD,Mark Sanford to be the Republican Presidential Nominee in 2008,5,0.1,Mar/20/2006 20:51:33
220757,2008.GOP.NOM.SANFORD,Mark Sanford to be the Republican Presidential Nominee in 2008,4,0.1,Mar/20/2006 20:51:33
220757,2008.GOP.NOM.SANFORD,Mark Sanford to be the Republican Presidential Nominee in 2008,2,0.1,Mar/20/2006 20:51:33
220757,2008.GOP.NOM.SANFORD,Mark Sanford to be the Republican Presidential Nominee in 2008,1,0.1,Mar/20/2006 20:51:33
220757,2008.GOP.NOM.SANFORD,Mark Sanford to be the Republican Presidential Nominee in 2008,2,0.1,Apr/01/2006 10:11:15
220757,2008.GOP.NOM.SANFORD,Mark Sanford to be the Republican Presidential Nominee in 2008,4,0.1,Apr/01/2006 10:11:15
220757,2008.GOP.NOM.SANFORD,Mark Sanford to be the Republican Presidential Nominee in 2008,4,0.1,Apr/01/2006 10:11:15
220757,2008.GOP.NOM.SANFORD,Mark Sanford to be the Republican Presidential Nominee in 2008,7,0.1,Apr/01/2006 10:11:15
220757,2008.GOP.NOM.SANFORD,Mark Sanford to be the Republican Presidential Nominee in 2008,9,0.1,Apr/01/2006 10:11:15
220757,2008.GOP.NOM.SANFORD,Mark Sanford to be the Republican Presidential Nominee in 2008,6,0.1,Apr/01/2006 10:11:15
220757,2008.GOP.NOM.SANFORD,Mark Sanford to be the Republican Presidential Nominee in 2008,8,0.1,Apr/01/2006 10:11:15
220757,2008.GOP.NOM.SANFORD,Mark Sanford to be the Republican Presidential Nominee in 2008,2,0.1,Apr/01/2006 10:11:15
220757,2008.GOP.NOM.SANFORD,Mark Sanford to be the Republican Presidential Nominee in 2008,2,0.1,Apr/01/2006 10:11:15
220757,2008.GOP.NOM.SANFORD,Mark Sanford to be the Republican Presidential Nominee in 2008,2,0.1,Apr/01/2006 10:11:15
220757,2008.GOP.NOM.SANFORD,Mark Sanford to be the Republican Presidential Nominee in 2008,7,0.1,Apr/01/2006 10:11:15
220757,2008.GOP.NOM.SANFORD,Mark Sanford to be the Republican Presidential Nominee in 2008,5,0.1,Apr/02/2006 08:51:42
220757,2008.GOP.NOM.SANFORD,Mark Sanford to be the Republican Presidential Nominee in 2008,2,0.1,Apr/02/2006 14:31:22
220757,2008.GOP.NOM.SANFORD,Mark Sanford to be the Republican Presidential Nominee in 2008,3,0.1,Apr/02/2006 17:02:02
220757,2008.GOP.NOM.SANFORD,Mark Sanford to be the Republican Presidential Nominee in 2008,1,0.1,Apr/02/2006 19:23:18
220757,2008.GOP.NOM.SANFORD,Mark Sanford to be the Republican Presidential Nominee in 2008,1,0.1,Apr/03/2006 05:51:02
220757,2008.GOP.NOM.SANFORD,Mark Sanford to be the Republican Presidential Nominee in 2008,3,0.1,Apr/03/2006 16:43:29
220757,2008.GOP.NOM.SANFORD,Mark Sanford to be the Republican Presidential Nominee in 2008,6,0.1,Apr/03/2006 18:01:13
220757,2008.GOP.NOM.SANFORD,Mark Sanford to be the Republican Presidential Nominee in 2008,6,0.1,Apr/04/2006 05:50:45
220757,2008.GOP.NOM.SANFORD,Mark Sanford to be the Republican Presidential Nominee in 2008,6,0.1,Apr/04/2006 21:12:06
220757,2008.GOP.NOM.SANFORD,Mark Sanford to be the Republican Presidential Nominee in 2008,20,0.1,Apr/04/2006 21:12:06
220757,2008.GOP.NOM.SANFORD,Mark Sanford to be the Republican Presidential Nominee in 2008,2,0.1,May/21/2006 01:40:51
220757,2008.GOP.NOM.SANFORD,Mark Sanford to be the Republican Presidential Nominee in 2008,1,0.1,May/21/2006 01:40:51
220757,2008.GOP.NOM.SANFORD,Mark Sanford to be the Republican Presidential Nominee in 2008,3,0.1,May/21/2006 01:40:51
220757,2008.GOP.NOM.SANFORD,Mark Sanford to be the Republican Presidential Nominee in 2008,1,0.1,May/21/2006 01:40:51
220757,2008.GOP.NOM.SANFORD,Mark Sanford to be the Republican Presidential Nominee in 2008,1,0.1,May/21/2006 01:40:51
220757,2008.GOP.NOM.SANFORD,Mark Sanford to be the Republican Presidential Nominee in 2008,1,0.1,May/21/2006 01:40:51
220757,2008.GOP.NOM.SANFORD,Mark Sanford to be the Republican Presidential Nominee in 2008,3,0.1,May/21/2006 01:40:51
220757,2008.GOP.NOM.SANFORD,Mark Sanford to be the Republican Presidential Nominee in 2008,1,0.1,May/21/2006 01:40:51
220757,2008.GOP.NOM.SANFORD,Mark Sanford to be the Republican Presidential Nominee in 2008,2,0.1,May/21/2006 01:40:51
220757,2008.GOP.NOM.SANFORD,Mark Sanford to be the Republican Presidential Nominee in 2008,1,0.1,May/21/2006 01:40:51
220757,2008.GOP.NOM.SANFORD,Mark Sanford to be the Republican Presidential Nominee in 2008,1,0.1,May/21/2006 01:40:51
220757,2008.GOP.NOM.SANFORD,Mark Sanford to be the Republican Presidential Nominee in 2008,5,0.1,May/21/2006 01:40:51
220757,2008.GOP.NOM.SANFORD,Mark Sanford to be the Republican Presidential Nominee in 2008,4,0.1,May/21/2006 01:40:51
220757,2008.GOP.NOM.SANFORD,Mark Sanford to be the Republican Presidential Nominee in 2008,1,0.1,May/21/2006 01:40:51
220757,2008.GOP.NOM.SANFORD,Mark Sanford to be the Republican Presidential Nominee in 2008,7,0.1,May/21/2006 01:40:51
220757,2008.GOP.NOM.SANFORD,Mark Sanford to be the Republican Presidential Nominee in 2008,1,0.1,May/21/2006 01:40:51
220757,2008.GOP.NOM.SANFORD,Mark Sanford to be the Republican Presidential Nominee in 2008,1,0.1,May/21/2006 01:40:51
220757,2008.GOP.NOM.SANFORD,Mark Sanford to be the Republican Presidential Nominee in 2008,3,0.1,May/21/2006 01:40:51
220757,2008.GOP.NOM.SANFORD,Mark Sanford to be the Republican Presidential Nominee in 2008,2,0.1,May/21/2006 01:40:51
220757,2008.GOP.NOM.SANFORD,Mark Sanford to be the Republican Presidential Nominee in 2008,2,0.1,May/21/2006 01:40:51
220757,2008.GOP.NOM.SANFORD,Mark Sanford to be the Republican Presidential Nominee in 2008,4,0.1,May/21/2006 01:40:51
220757,2008.GOP.NOM.SANFORD,Mark Sanford to be the Republican Presidential Nominee in 2008,1,0.1,May/21/2006 01:40:51
220757,2008.GOP.NOM.SANFORD,Mark Sanford to be the Republican Presidential Nominee in 2008,3,0.1,May/21/2006 01:40:51
220757,2008.GOP.NOM.SANFORD,Mark Sanford to be the Republican Presidential Nominee in 2008,7,0.1,May/21/2006 01:40:51
220757,2008.GOP.NOM.SANFORD,Mark Sanford to be the Republican Presidential Nominee in 2008,2,0.1,May/21/2006 01:40:51
220757,2008.GOP.NOM.SANFORD,Mark Sanford to be the Republican Presidential Nominee in 2008,3,0.1,May/21/2006 01:40:51
220757,2008.GOP.NOM.SANFORD,Mark Sanford to be the Republican Presidential Nominee in 2008,1,0.1,May/21/2006 01:40:51
220757,2008.GOP.NOM.SANFORD,Mark Sanford to be the Republican Presidential Nominee in 2008,2,0.1,May/21/2006 01:40:51
220757,2008.GOP.NOM.SANFORD,Mark Sanford to be the Republican Presidential Nominee in 2008,2,0.1,May/21/2006 01:40:51
220757,2008.GOP.NOM.SANFORD,Mark Sanford to be the Republican Presidential Nominee in 2008,1,0.1,May/21/2006 01:40:51
220757,2008.GOP.NOM.SANFORD,Mark Sanford to be the Republican Presidential Nominee in 2008,2,0.1,May/21/2006 01:40:51
220757,2008.GOP.NOM.SANFORD,Mark Sanford to be the Republican Presidential Nominee in 2008,2,0.1,May/21/2006 01:40:51
220757,2008.GOP.NOM.SANFORD,Mark Sanford to be the Republican Presidential Nominee in 2008,1,0.1,May/21/2006 01:40:51
220757,2008.GOP.NOM.SANFORD,Mark Sanford to be the Republican Presidential Nominee in 2008,6,0.1,May/21/2006 01:40:51
220757,2008.GOP.NOM.SANFORD,Mark Sanford to be the Republican Presidential Nominee in 2008,1,0.1,May/21/2006 01:40:51
220757,2008.GOP.NOM.SANFORD,Mark Sanford to be the Republican Presidential Nominee in 2008,5,0.1,May/21/2006 01:40:51
220757,2008.GOP.NOM.SANFORD,Mark Sanford to be the Republican Presidential Nominee in 2008,1,0.1,May/21/2006 01:40:51
220757,2008.GOP.NOM.SANFORD,Mark Sanford to be the Republican Presidential Nominee in 2008,3,0.1,May/21/2006 01:40:51
220757,2008.GOP.NOM.SANFORD,Mark Sanford to be the Republican Presidential Nominee in 2008,6,0.1,May/21/2006 01:40:51
220757,2008.GOP.NOM.SANFORD,Mark Sanford to be the Republican Presidential Nominee in 2008,2,0.1,May/21/2006 01:40:51
220757,2008.GOP.NOM.SANFORD,Mark Sanford to be the Republican Presidential Nominee in 2008,17,0.1,May/21/2006 01:40:51
220757,2008.GOP.NOM.SANFORD,Mark Sanford to be the Republican Presidential Nominee in 2008,10,0.1,May/21/2006 01:40:51
220757,2008.GOP.NOM.SANFORD,Mark Sanford to be the Republican Presidential Nominee in 2008,5,0.1,May/21/2006 01:40:51
220757,2008.GOP.NOM.SANFORD,Mark Sanford to be the Republican Presidential Nominee in 2008,5,0.1,May/21/2006 01:40:51
220757,2008.GOP.NOM.SANFORD,Mark Sanford to be the Republican Presidential Nominee in 2008,4,0.1,May/21/2006 01:40:51
220757,2008.GOP.NOM.SANFORD,Mark Sanford to be the Republican Presidential Nominee in 2008,1,0.1,May/21/2006 01:40:51
220757,2008.GOP.NOM.SANFORD,Mark Sanford to be the Republican Presidential Nominee in 2008,8,0.1,May/21/2006 01:40:51
220757,2008.GOP.NOM.SANFORD,Mark Sanford to be the Republican Presidential Nominee in 2008,6,0.1,May/21/2006 01:40:51
220757,2008.GOP.NOM.SANFORD,Mark Sanford to be the Republican Presidential Nominee in 2008,6,0.1,May/22/2006 05:39:55
220757,2008.GOP.NOM.SANFORD,Mark Sanford to be the Republican Presidential Nominee in 2008,2,0.1,May/22/2006 07:54:50
220757,2008.GOP.NOM.SANFORD,Mark Sanford to be the Republican Presidential Nominee in 2008,3,0.1,May/22/2006 08:14:06
220757,2008.GOP.NOM.SANFORD,Mark Sanford to be the Republican Presidential Nominee in 2008,3,0.1,May/22/2006 08:36:47
220757,2008.GOP.NOM.SANFORD,Mark Sanford to be the Republican Presidential Nominee in 2008,26,0.1,May/23/2006 05:40:29
220757,2008.GOP.NOM.SANFORD,Mark Sanford to be the Republican Presidential Nominee in 2008,17,0.1,May/23/2006 16:36:27
220757,2008.GOP.NOM.SANFORD,Mark Sanford to be the Republican Presidential Nominee in 2008,28,0.1,May/24/2006 05:32:44
220757,2008.GOP.NOM.SANFORD,Mark Sanford to be the Republican Presidential Nominee in 2008,11,0.1,May/24/2006 11:50:51
220757,2008.GOP.NOM.SANFORD,Mark Sanford to be the Republican Presidential Nominee in 2008,5,0.1,May/24/2006 15:09:16
220757,2008.GOP.NOM.SANFORD,Mark Sanford to be the Republican Presidential Nominee in 2008,34,0.1,May/25/2006 05:34:58
220757,2008.GOP.NOM.SANFORD,Mark Sanford to be the Republican Presidential Nominee in 2008,2,0.1,May/25/2006 12:28:05
220757,2008.GOP.NOM.SANFORD,Mark Sanford to be the Republican Presidential Nominee in 2008,2,0.1,May/26/2006 04:47:29
220757,2008.GOP.NOM.SANFORD,Mark Sanford to be the Republican Presidential Nominee in 2008,1,0.1,May/26/2006 05:27:52
220757,2008.GOP.NOM.SANFORD,Mark Sanford to be the Republican Presidential Nominee in 2008,6,0.1,May/27/2006 06:54:45
220757,2008.GOP.NOM.SANFORD,Mark Sanford to be the Republican Presidential Nominee in 2008,1,0.1,May/27/2006 15:48:46
220757,2008.GOP.NOM.SANFORD,Mark Sanford to be the Republican Presidential Nominee in 2008,20,0.1,May/28/2006 09:53:51
220757,2008.GOP.NOM.SANFORD,Mark Sanford to be the Republican Presidential Nominee in 2008,3,0.1,May/28/2006 20:49:15
220757,2008.GOP.NOM.SANFORD,Mark Sanford to be the Republican Presidential Nominee in 2008,20,0.1,May/29/2006 05:08:11
220757,2008.GOP.NOM.SANFORD,Mark Sanford to be the Republican Presidential Nominee in 2008,20,0.1,May/29/2006 05:37:29
220757,2008.GOP.NOM.SANFORD,Mark Sanford to be the Republican Presidential Nominee in 2008,11,0.1,May/29/2006 07:40:38
220757,2008.GOP.NOM.SANFORD,Mark Sanford to be the Republican Presidential Nominee in 2008,4,0.1,May/30/2006 13:54:00
220757,2008.GOP.NOM.SANFORD,Mark Sanford to be the Republican Presidential Nominee in 2008,16,0.1,May/30/2006 15:09:51
220757,2008.GOP.NOM.SANFORD,Mark Sanford to be the Republican Presidential Nominee in 2008,6,0.1,May/30/2006 17:35:04
220757,2008.GOP.NOM.SANFORD,Mark Sanford to be the Republican Presidential Nominee in 2008,5,0.1,May/30/2006 20:22:01
220757,2008.GOP.NOM.SANFORD,Mark Sanford to be the Republican Presidential Nominee in 2008,3,0.1,Jun/01/2006 05:04:50
220757,2008.GOP.NOM.SANFORD,Mark Sanford to be the Republican Presidential Nominee in 2008,2,0.1,Jun/02/2006 16:28:16
220757,2008.GOP.NOM.SANFORD,Mark Sanford to be the Republican Presidential Nominee in 2008,2,0.1,Jun/02/2006 16:28:26
220757,2008.GOP.NOM.SANFORD,Mark Sanford to be the Republican Presidential Nominee in 2008,2,0.1,Jun/04/2006 10:04:50
220757,2008.GOP.NOM.SANFORD,Mark Sanford to be the Republican Presidential Nominee in 2008,7,0.1,Jun/04/2006 10:06:47
220757,2008.GOP.NOM.SANFORD,Mark Sanford to be the Republican Presidential Nominee in 2008,100,0.1,Jun/04/2006 13:07:45
220757,2008.GOP.NOM.SANFORD,Mark Sanford to be the Republican Presidential Nominee in 2008,2,0.1,Jun/04/2006 21:19:29
220757,2008.GOP.NOM.SANFORD,Mark Sanford to be the Republican Presidential Nominee in 2008,8,0.1,Jun/05/2006 07:17:16
220757,2008.GOP.NOM.SANFORD,Mark Sanford to be the Republican Presidential Nominee in 2008,5,0.1,Jun/05/2006 20:20:03
220757,2008.GOP.NOM.SANFORD,Mark Sanford to be the Republican Presidential Nominee in 2008,12,0.1,Jun/06/2006 05:15:45
220757,2008.GOP.NOM.SANFORD,Mark Sanford to be the Republican Presidential Nominee in 2008,24,0.1,Jun/07/2006 02:47:48
220757,2008.GOP.NOM.SANFORD,Mark Sanford to be the Republican Presidential Nominee in 2008,2,0.1,Jun/07/2006 07:43:26
220757,2008.GOP.NOM.SANFORD,Mark Sanford to be the Republican Presidential Nominee in 2008,1,0.1,Jun/07/2006 10:00:47
220757,2008.GOP.NOM.SANFORD,Mark Sanford to be the Republican Presidential Nominee in 2008,2,0.1,Jun/08/2006 15:41:00
220757,2008.GOP.NOM.SANFORD,Mark Sanford to be the Republican Presidential Nominee in 2008,3,0.1,Jun/09/2006 04:41:11
220757,2008.GOP.NOM.SANFORD,Mark Sanford to be the Republican Presidential Nominee in 2008,10,0.2,Jun/11/2006 22:26:32
220757,2008.GOP.NOM.SANFORD,Mark Sanford to be the Republican Presidential Nominee in 2008,11,0.1,Jun/12/2006 05:15:04
220757,2008.GOP.NOM.SANFORD,Mark Sanford to be the Republican Presidential Nominee in 2008,1,0.1,Jul/02/2006 11:39:44
220757,2008.GOP.NOM.SANFORD,Mark Sanford to be the Republican Presidential Nominee in 2008,2,0.1,Jul/07/2006 04:59:18
220757,2008.GOP.NOM.SANFORD,Mark Sanford to be the Republican Presidential Nominee in 2008,8,0.1,Jul/10/2006 04:53:23
220757,2008.GOP.NOM.SANFORD,Mark Sanford to be the Republican Presidential Nominee in 2008,1,0.1,Jul/11/2006 20:33:33
220757,2008.GOP.NOM.SANFORD,Mark Sanford to be the Republican Presidential Nominee in 2008,4,0.1,Jul/12/2006 05:32:49
220757,2008.GOP.NOM.SANFORD,Mark Sanford to be the Republican Presidential Nominee in 2008,1,0.1,Oct/12/2006 21:17:37
220757,2008.GOP.NOM.SANFORD,Mark Sanford to be the Republican Presidential Nominee in 2008,5,0.1,Oct/12/2006 21:17:37
220757,2008.GOP.NOM.SANFORD,Mark Sanford to be the Republican Presidential Nominee in 2008,1,0.1,Oct/12/2006 21:17:37
220757,2008.GOP.NOM.SANFORD,Mark Sanford to be the Republican Presidential Nominee in 2008,4,0.1,Oct/12/2006 21:17:37
220757,2008.GOP.NOM.SANFORD,Mark Sanford to be the Republican Presidential Nominee in 2008,1,0.1,Oct/12/2006 21:17:37
220757,2008.GOP.NOM.SANFORD,Mark Sanford to be the Republican Presidential Nominee in 2008,1,0.1,Oct/12/2006 21:17:37
220757,2008.GOP.NOM.SANFORD,Mark Sanford to be the Republican Presidential Nominee in 2008,1,0.1,Oct/12/2006 21:17:37
220757,2008.GOP.NOM.SANFORD,Mark Sanford to be the Republican Presidential Nominee in 2008,1,0.1,Oct/12/2006 21:17:37
220757,2008.GOP.NOM.SANFORD,Mark Sanford to be the Republican Presidential Nominee in 2008,1,0.1,Oct/12/2006 21:17:37
220757,2008.GOP.NOM.SANFORD,Mark Sanford to be the Republican Presidential Nominee in 2008,1,0.1,Oct/12/2006 21:17:37
220757,2008.GOP.NOM.SANFORD,Mark Sanford to be the Republican Presidential Nominee in 2008,2,0.1,Oct/12/2006 21:17:37
220757,2008.GOP.NOM.SANFORD,Mark Sanford to be the Republican Presidential Nominee in 2008,11,0.1,Oct/12/2006 21:17:37
220757,2008.GOP.NOM.SANFORD,Mark Sanford to be the Republican Presidential Nominee in 2008,7,0.1,Oct/12/2006 21:17:37
220757,2008.GOP.NOM.SANFORD,Mark Sanford to be the Republican Presidential Nominee in 2008,1,0.1,Oct/12/2006 21:17:37
220757,2008.GOP.NOM.SANFORD,Mark Sanford to be the Republican Presidential Nominee in 2008,3,0.1,Oct/12/2006 21:17:37
220757,2008.GOP.NOM.SANFORD,Mark Sanford to be the Republican Presidential Nominee in 2008,8,0.1,Oct/12/2006 21:17:37
220757,2008.GOP.NOM.SANFORD,Mark Sanford to be the Republican Presidential Nominee in 2008,1,0.1,Oct/12/2006 21:17:37
220757,2008.GOP.NOM.SANFORD,Mark Sanford to be the Republican Presidential Nominee in 2008,1,0.1,Oct/20/2006 21:05:37
220757,2008.GOP.NOM.SANFORD,Mark Sanford to be the Republican Presidential Nominee in 2008,16,0.1,Oct/20/2006 21:05:37
220757,2008.GOP.NOM.SANFORD,Mark Sanford to be the Republican Presidential Nominee in 2008,4,0.1,Oct/20/2006 21:05:37
220757,2008.GOP.NOM.SANFORD,Mark Sanford to be the Republican Presidential Nominee in 2008,16,0.1,Oct/20/2006 21:05:37
220757,2008.GOP.NOM.SANFORD,Mark Sanford to be the Republican Presidential Nominee in 2008,9,0.1,Oct/20/2006 21:05:37
220757,2008.GOP.NOM.SANFORD,Mark Sanford to be the Republican Presidential Nominee in 2008,4,0.1,Oct/20/2006 21:05:37
220757,2008.GOP.NOM.SANFORD,Mark Sanford to be the Republican Presidential Nominee in 2008,12,0.1,Oct/22/2006 18:34:35
220757,2008.GOP.NOM.SANFORD,Mark Sanford to be the Republican Presidential Nominee in 2008,88,0.1,Oct/22/2006 18:34:35
220757,2008.GOP.NOM.SANFORD,Mark Sanford to be the Republican Presidential Nominee in 2008,1,0.1,Oct/22/2006 18:40:53
220757,2008.GOP.NOM.SANFORD,Mark Sanford to be the Republican Presidential Nominee in 2008,1,0.1,Oct/22/2006 18:40:53
220757,2008.GOP.NOM.SANFORD,Mark Sanford to be the Republican Presidential Nominee in 2008,3,0.1,Oct/22/2006 18:40:53
220757,2008.GOP.NOM.SANFORD,Mark Sanford to be the Republican Presidential Nominee in 2008,2,0.1,Oct/22/2006 18:40:53
220757,2008.GOP.NOM.SANFORD,Mark Sanford to be the Republican Presidential Nominee in 2008,5,0.1,Oct/22/2006 18:40:53
220757,2008.GOP.NOM.SANFORD,Mark Sanford to be the Republican Presidential Nominee in 2008,24,0.1,Oct/22/2006 18:40:53
220757,2008.GOP.NOM.SANFORD,Mark Sanford to be the Republican Presidential Nominee in 2008,1,0.1,Oct/22/2006 18:40:53
220757,2008.GOP.NOM.SANFORD,Mark Sanford to be the Republican Presidential Nominee in 2008,5,0.1,Oct/22/2006 18:40:53
220757,2008.GOP.NOM.SANFORD,Mark Sanford to be the Republican Presidential Nominee in 2008,2,0.1,Oct/22/2006 18:40:53
220757,2008.GOP.NOM.SANFORD,Mark Sanford to be the Republican Presidential Nominee in 2008,2,0.1,Oct/22/2006 18:40:53
220757,2008.GOP.NOM.SANFORD,Mark Sanford to be the Republican Presidential Nominee in 2008,1,0.1,Oct/22/2006 18:40:53
220757,2008.GOP.NOM.SANFORD,Mark Sanford to be the Republican Presidential Nominee in 2008,4,0.1,Oct/22/2006 18:40:53
220757,2008.GOP.NOM.SANFORD,Mark Sanford to be the Republican Presidential Nominee in 2008,2,0.1,Oct/22/2006 18:40:53
220757,2008.GOP.NOM.SANFORD,Mark Sanford to be the Republican Presidential Nominee in 2008,1,0.1,Oct/22/2006 18:40:53
220757,2008.GOP.NOM.SANFORD,Mark Sanford to be the Republican Presidential Nominee in 2008,1,0.1,Oct/22/2006 18:40:53
220757,2008.GOP.NOM.SANFORD,Mark Sanford to be the Republican Presidential Nominee in 2008,1,0.1,Oct/22/2006 18:40:53
220757,2008.GOP.NOM.SANFORD,Mark Sanford to be the Republican Presidential Nominee in 2008,2,0.1,Oct/22/2006 18:40:53
220757,2008.GOP.NOM.SANFORD,Mark Sanford to be the Republican Presidential Nominee in 2008,1,0.1,Oct/22/2006 18:40:53
220757,2008.GOP.NOM.SANFORD,Mark Sanford to be the Republican Presidential Nominee in 2008,1,0.1,Oct/22/2006 18:40:53
220757,2008.GOP.NOM.SANFORD,Mark Sanford to be the Republican Presidential Nominee in 2008,2,0.1,Oct/22/2006 18:40:53
220757,2008.GOP.NOM.SANFORD,Mark Sanford to be the Republican Presidential Nominee in 2008,1,0.1,Oct/22/2006 18:40:53
220757,2008.GOP.NOM.SANFORD,Mark Sanford to be the Republican Presidential Nominee in 2008,1,0.1,Oct/22/2006 18:40:53
220757,2008.GOP.NOM.SANFORD,Mark Sanford to be the Republican Presidential Nominee in 2008,4,0.1,Oct/22/2006 18:40:53
220757,2008.GOP.NOM.SANFORD,Mark Sanford to be the Republican Presidential Nominee in 2008,10,0.1,Oct/22/2006 18:40:53
220757,2008.GOP.NOM.SANFORD,Mark Sanford to be the Republican Presidential Nominee in 2008,5,0.1,Oct/22/2006 18:40:53
220757,2008.GOP.NOM.SANFORD,Mark Sanford to be the Republican Presidential Nominee in 2008,4,0.1,Oct/22/2006 18:40:53
220757,2008.GOP.NOM.SANFORD,Mark Sanford to be the Republican Presidential Nominee in 2008,3,0.1,Oct/22/2006 18:40:53
220757,2008.GOP.NOM.SANFORD,Mark Sanford to be the Republican Presidential Nominee in 2008,2,0.1,Oct/22/2006 18:40:53
220757,2008.GOP.NOM.SANFORD,Mark Sanford to be the Republican Presidential Nominee in 2008,2,0.1,Oct/22/2006 18:40:53
220757,2008.GOP.NOM.SANFORD,Mark Sanford to be the Republican Presidential Nominee in 2008,3,0.1,Oct/22/2006 18:40:53
220757,2008.GOP.NOM.SANFORD,Mark Sanford to be the Republican Presidential Nominee in 2008,1,0.1,Oct/22/2006 18:40:53
220757,2008.GOP.NOM.SANFORD,Mark Sanford to be the Republican Presidential Nominee in 2008,1,0.1,Oct/22/2006 18:40:53
220757,2008.GOP.NOM.SANFORD,Mark Sanford to be the Republican Presidential Nominee in 2008,1,0.1,Oct/22/2006 18:40:53
220757,2008.GOP.NOM.SANFORD,Mark Sanford to be the Republican Presidential Nominee in 2008,9,0.1,Oct/24/2006 17:29:29
220757,2008.GOP.NOM.SANFORD,Mark Sanford to be the Republican Presidential Nominee in 2008,2,0.1,Oct/24/2006 17:29:29
220757,2008.GOP.NOM.SANFORD,Mark Sanford to be the Republican Presidential Nominee in 2008,3,0.1,Oct/24/2006 17:29:29
220757,2008.GOP.NOM.SANFORD,Mark Sanford to be the Republican Presidential Nominee in 2008,10,0.1,Oct/30/2006 22:07:34
220757,2008.GOP.NOM.SANFORD,Mark Sanford to be the Republican Presidential Nominee in 2008,10,0.1,Oct/30/2006 22:07:34
220757,2008.GOP.NOM.SANFORD,Mark Sanford to be the Republican Presidential Nominee in 2008,4,0.1,Oct/30/2006 22:07:34
220757,2008.GOP.NOM.SANFORD,Mark Sanford to be the Republican Presidential Nominee in 2008,1,0.1,Oct/30/2006 22:07:34
220757,2008.GOP.NOM.SANFORD,Mark Sanford to be the Republican Presidential Nominee in 2008,10,0.1,Oct/30/2006 22:07:34
220757,2008.GOP.NOM.SANFORD,Mark Sanford to be the Republican Presidential Nominee in 2008,1,0.1,Oct/30/2006 22:07:34
220757,2008.GOP.NOM.SANFORD,Mark Sanford to be the Republican Presidential Nominee in 2008,2,0.1,Oct/30/2006 22:07:34
220757,2008.GOP.NOM.SANFORD,Mark Sanford to be the Republican Presidential Nominee in 2008,1,0.1,Oct/30/2006 22:07:34
220757,2008.GOP.NOM.SANFORD,Mark Sanford to be the Republican Presidential Nominee in 2008,1,0.1,Oct/30/2006 22:07:34
220757,2008.GOP.NOM.SANFORD,Mark Sanford to be the Republican Presidential Nominee in 2008,3,0.1,Oct/30/2006 22:07:34
220757,2008.GOP.NOM.SANFORD,Mark Sanford to be the Republican Presidential Nominee in 2008,1,0.1,Oct/30/2006 22:07:34
220757,2008.GOP.NOM.SANFORD,Mark Sanford to be the Republican Presidential Nominee in 2008,3,0.1,Oct/30/2006 22:07:34
220757,2008.GOP.NOM.SANFORD,Mark Sanford to be the Republican Presidential Nominee in 2008,14,0.1,Oct/30/2006 22:07:34
220757,2008.GOP.NOM.SANFORD,Mark Sanford to be the Republican Presidential Nominee in 2008,1,0.1,Oct/30/2006 22:07:34
220757,2008.GOP.NOM.SANFORD,Mark Sanford to be the Republican Presidential Nominee in 2008,1,0.1,Oct/30/2006 22:07:34
220757,2008.GOP.NOM.SANFORD,Mark Sanford to be the Republican Presidential Nominee in 2008,2,0.1,Oct/30/2006 22:07:34
220757,2008.GOP.NOM.SANFORD,Mark Sanford to be the Republican Presidential Nominee in 2008,1,0.1,Oct/30/2006 22:07:34
220757,2008.GOP.NOM.SANFORD,Mark Sanford to be the Republican Presidential Nominee in 2008,4,0.1,Oct/30/2006 22:07:34
220757,2008.GOP.NOM.SANFORD,Mark Sanford to be the Republican Presidential Nominee in 2008,3,0.1,Oct/30/2006 22:07:34
220757,2008.GOP.NOM.SANFORD,Mark Sanford to be the Republican Presidential Nominee in 2008,16,0.1,Oct/30/2006 22:07:34
220757,2008.GOP.NOM.SANFORD,Mark Sanford to be the Republican Presidential Nominee in 2008,11,0.1,Oct/30/2006 22:07:34
220757,2008.GOP.NOM.SANFORD,Mark Sanford to be the Republican Presidential Nominee in 2008,38,0.1,Oct/30/2006 22:12:52
220757,2008.GOP.NOM.SANFORD,Mark Sanford to be the Republican Presidential Nominee in 2008,2,0.1,Oct/30/2006 22:12:52
220757,2008.GOP.NOM.SANFORD,Mark Sanford to be the Republican Presidential Nominee in 2008,8,0.1,Oct/30/2006 22:12:52
220757,2008.GOP.NOM.SANFORD,Mark Sanford to be the Republican Presidential Nominee in 2008,4,0.1,Oct/30/2006 22:12:52
220757,2008.GOP.NOM.SANFORD,Mark Sanford to be the Republican Presidential Nominee in 2008,7,0.1,Oct/30/2006 22:12:52
220757,2008.GOP.NOM.SANFORD,Mark Sanford to be the Republican Presidential Nominee in 2008,2,0.1,Oct/30/2006 22:12:52
220757,2008.GOP.NOM.SANFORD,Mark Sanford to be the Republican Presidential Nominee in 2008,15,0.1,Oct/30/2006 22:12:52
220757,2008.GOP.NOM.SANFORD,Mark Sanford to be the Republican Presidential Nominee in 2008,6,0.1,Oct/30/2006 22:12:52
220757,2008.GOP.NOM.SANFORD,Mark Sanford to be the Republican Presidential Nominee in 2008,10,0.1,Oct/30/2006 22:12:52
220757,2008.GOP.NOM.SANFORD,Mark Sanford to be the Republican Presidential Nominee in 2008,5,0.1,Oct/30/2006 22:12:52
220757,2008.GOP.NOM.SANFORD,Mark Sanford to be the Republican Presidential Nominee in 2008,1,0.1,Oct/30/2006 22:12:52
220757,2008.GOP.NOM.SANFORD,Mark Sanford to be the Republican Presidential Nominee in 2008,6,0.1,Oct/30/2006 22:12:52
220757,2008.GOP.NOM.SANFORD,Mark Sanford to be the Republican Presidential Nominee in 2008,5,0.1,Oct/30/2006 22:12:52
220757,2008.GOP.NOM.SANFORD,Mark Sanford to be the Republican Presidential Nominee in 2008,3,0.1,Oct/30/2006 22:12:52
220757,2008.GOP.NOM.SANFORD,Mark Sanford to be the Republican Presidential Nominee in 2008,11,0.1,Oct/30/2006 22:12:52
220757,2008.GOP.NOM.SANFORD,Mark Sanford to be the Republican Presidential Nominee in 2008,6,0.1,Oct/30/2006 22:12:52
220757,2008.GOP.NOM.SANFORD,Mark Sanford to be the Republican Presidential Nominee in 2008,1,0.1,Oct/30/2006 22:12:52
220757,2008.GOP.NOM.SANFORD,Mark Sanford to be the Republican Presidential Nominee in 2008,3,0.1,Oct/30/2006 22:12:52
220757,2008.GOP.NOM.SANFORD,Mark Sanford to be the Republican Presidential Nominee in 2008,11,0.1,Oct/30/2006 22:12:52
220757,2008.GOP.NOM.SANFORD,Mark Sanford to be the Republican Presidential Nominee in 2008,5,0.1,Oct/30/2006 22:12:52
220757,2008.GOP.NOM.SANFORD,Mark Sanford to be the Republican Presidential Nominee in 2008,4,0.1,Oct/30/2006 22:12:52
220757,2008.GOP.NOM.SANFORD,Mark Sanford to be the Republican Presidential Nominee in 2008,4,0.1,Oct/30/2006 22:12:52
220757,2008.GOP.NOM.SANFORD,Mark Sanford to be the Republican Presidential Nominee in 2008,2,0.1,Oct/30/2006 22:12:52
220757,2008.GOP.NOM.SANFORD,Mark Sanford to be the Republican Presidential Nominee in 2008,3,0.1,Oct/30/2006 22:12:52
220757,2008.GOP.NOM.SANFORD,Mark Sanford to be the Republican Presidential Nominee in 2008,1,0.1,Oct/30/2006 22:12:52
220757,2008.GOP.NOM.SANFORD,Mark Sanford to be the Republican Presidential Nominee in 2008,10,0.1,Oct/30/2006 22:12:52
220757,2008.GOP.NOM.SANFORD,Mark Sanford to be the Republican Presidential Nominee in 2008,1,0.1,Oct/30/2006 22:12:52
220757,2008.GOP.NOM.SANFORD,Mark Sanford to be the Republican Presidential Nominee in 2008,27,0.1,Oct/30/2006 22:12:52
220757,2008.GOP.NOM.SANFORD,Mark Sanford to be the Republican Presidential Nominee in 2008,5,0.1,Oct/30/2006 22:12:52
220757,2008.GOP.NOM.SANFORD,Mark Sanford to be the Republican Presidential Nominee in 2008,1,0.1,Oct/30/2006 22:12:52
220757,2008.GOP.NOM.SANFORD,Mark Sanford to be the Republican Presidential Nominee in 2008,6,0.1,Oct/30/2006 22:12:52
220757,2008.GOP.NOM.SANFORD,Mark Sanford to be the Republican Presidential Nominee in 2008,5,0.1,Oct/30/2006 22:12:52
220757,2008.GOP.NOM.SANFORD,Mark Sanford to be the Republican Presidential Nominee in 2008,10,0.1,Oct/30/2006 22:12:52
220757,2008.GOP.NOM.SANFORD,Mark Sanford to be the Republican Presidential Nominee in 2008,18,0.1,Oct/30/2006 22:12:52
220757,2008.GOP.NOM.SANFORD,Mark Sanford to be the Republican Presidential Nominee in 2008,13,0.1,Oct/30/2006 22:12:52
220757,2008.GOP.NOM.SANFORD,Mark Sanford to be the Republican Presidential Nominee in 2008,17,0.1,Oct/30/2006 22:12:52
220757,2008.GOP.NOM.SANFORD,Mark Sanford to be the Republican Presidential Nominee in 2008,36,0.1,Oct/30/2006 22:12:52
220757,2008.GOP.NOM.SANFORD,Mark Sanford to be the Republican Presidential Nominee in 2008,2,0.1,Oct/30/2006 22:12:52
220757,2008.GOP.NOM.SANFORD,Mark Sanford to be the Republican Presidential Nominee in 2008,1,0.1,Oct/30/2006 22:12:52
220757,2008.GOP.NOM.SANFORD,Mark Sanford to be the Republican Presidential Nominee in 2008,21,0.1,Oct/30/2006 22:12:52
220757,2008.GOP.NOM.SANFORD,Mark Sanford to be the Republican Presidential Nominee in 2008,7,0.1,Oct/30/2006 22:12:52
220757,2008.GOP.NOM.SANFORD,Mark Sanford to be the Republican Presidential Nominee in 2008,25,0.1,Oct/30/2006 22:12:52
220757,2008.GOP.NOM.SANFORD,Mark Sanford to be the Republican Presidential Nominee in 2008,12,0.1,Oct/30/2006 22:12:52
220757,2008.GOP.NOM.SANFORD,Mark Sanford to be the Republican Presidential Nominee in 2008,2,0.1,Oct/30/2006 22:12:52
220757,2008.GOP.NOM.SANFORD,Mark Sanford to be the Republican Presidential Nominee in 2008,1,0.1,Oct/30/2006 22:12:52
220757,2008.GOP.NOM.SANFORD,Mark Sanford to be the Republican Presidential Nominee in 2008,32,0.1,Oct/30/2006 22:12:52
220757,2008.GOP.NOM.SANFORD,Mark Sanford to be the Republican Presidential Nominee in 2008,4,0.1,Oct/30/2006 22:12:52
220757,2008.GOP.NOM.SANFORD,Mark Sanford to be the Republican Presidential Nominee in 2008,2,0.1,Oct/30/2006 22:12:52
220757,2008.GOP.NOM.SANFORD,Mark Sanford to be the Republican Presidential Nominee in 2008,13,0.1,Oct/30/2006 22:12:52
220757,2008.GOP.NOM.SANFORD,Mark Sanford to be the Republican Presidential Nominee in 2008,7,0.1,Oct/30/2006 22:12:52
220757,2008.GOP.NOM.SANFORD,Mark Sanford to be the Republican Presidential Nominee in 2008,4,0.1,Oct/30/2006 22:12:52
220757,2008.GOP.NOM.SANFORD,Mark Sanford to be the Republican Presidential Nominee in 2008,5,0.1,Oct/30/2006 22:12:52
220757,2008.GOP.NOM.SANFORD,Mark Sanford to be the Republican Presidential Nominee in 2008,5,0.1,Oct/30/2006 22:12:52
220757,2008.GOP.NOM.SANFORD,Mark Sanford to be the Republican Presidential Nominee in 2008,2,0.1,Oct/30/2006 22:12:52
220757,2008.GOP.NOM.SANFORD,Mark Sanford to be the Republican Presidential Nominee in 2008,1,0.1,Oct/30/2006 22:12:52
220757,2008.GOP.NOM.SANFORD,Mark Sanford to be the Republican Presidential Nominee in 2008,1,0.1,Oct/30/2006 22:12:52
220757,2008.GOP.NOM.SANFORD,Mark Sanford to be the Republican Presidential Nominee in 2008,20,0.1,Oct/30/2006 22:12:52
220757,2008.GOP.NOM.SANFORD,Mark Sanford to be the Republican Presidential Nominee in 2008,2,0.1,Oct/30/2006 22:12:52
220757,2008.GOP.NOM.SANFORD,Mark Sanford to be the Republican Presidential Nominee in 2008,12,0.1,Oct/30/2006 22:12:52
220757,2008.GOP.NOM.SANFORD,Mark Sanford to be the Republican Presidential Nominee in 2008,9,0.1,Oct/30/2006 22:12:52
220757,2008.GOP.NOM.SANFORD,Mark Sanford to be the Republican Presidential Nominee in 2008,1,0.2,Oct/30/2006 22:15:17
220757,2008.GOP.NOM.SANFORD,Mark Sanford to be the Republican Presidential Nominee in 2008,4,0.2,Oct/30/2006 22:15:17
220757,2008.GOP.NOM.SANFORD,Mark Sanford to be the Republican Presidential Nominee in 2008,5,0.2,Oct/30/2006 22:15:40
220757,2008.GOP.NOM.SANFORD,Mark Sanford to be the Republican Presidential Nominee in 2008,3,0.2,Oct/30/2006 22:16:27
220757,2008.GOP.NOM.SANFORD,Mark Sanford to be the Republican Presidential Nominee in 2008,5,0.4,Oct/31/2006 04:40:31
220757,2008.GOP.NOM.SANFORD,Mark Sanford to be the Republican Presidential Nominee in 2008,25,0.4,Oct/31/2006 04:40:31
220757,2008.GOP.NOM.SANFORD,Mark Sanford to be the Republican Presidential Nominee in 2008,1,0.4,Nov/01/2006 16:09:01
220757,2008.GOP.NOM.SANFORD,Mark Sanford to be the Republican Presidential Nominee in 2008,1,0.3,Nov/02/2006 00:15:48
220757,2008.GOP.NOM.SANFORD,Mark Sanford to be the Republican Presidential Nominee in 2008,1,0.3,Nov/02/2006 00:16:25
220757,2008.GOP.NOM.SANFORD,Mark Sanford to be the Republican Presidential Nominee in 2008,2,0.3,Nov/02/2006 00:16:53
220757,2008.GOP.NOM.SANFORD,Mark Sanford to be the Republican Presidential Nominee in 2008,1,0.3,Nov/02/2006 00:17:26
220757,2008.GOP.NOM.SANFORD,Mark Sanford to be the Republican Presidential Nominee in 2008,5,0.1,Nov/02/2006 15:26:45
220757,2008.GOP.NOM.SANFORD,Mark Sanford to be the Republican Presidential Nominee in 2008,15,0.1,Nov/02/2006 15:26:45
220757,2008.GOP.NOM.SANFORD,Mark Sanford to be the Republican Presidential Nominee in 2008,1,0.1,Nov/03/2006 18:59:46
220757,2008.GOP.NOM.SANFORD,Mark Sanford to be the Republican Presidential Nominee in 2008,2,0.1,Nov/04/2006 21:05:34
220757,2008.GOP.NOM.SANFORD,Mark Sanford to be the Republican Presidential Nominee in 2008,2,0.1,Nov/05/2006 09:54:35
220757,2008.GOP.NOM.SANFORD,Mark Sanford to be the Republican Presidential Nominee in 2008,11,0.1,Nov/05/2006 09:54:35
220757,2008.GOP.NOM.SANFORD,Mark Sanford to be the Republican Presidential Nominee in 2008,1,0.1,Nov/05/2006 22:13:44
220757,2008.GOP.NOM.SANFORD,Mark Sanford to be the Republican Presidential Nominee in 2008,1,0.4,Nov/06/2006 04:19:08
220757,2008.GOP.NOM.SANFORD,Mark Sanford to be the Republican Presidential Nominee in 2008,30,0.1,Nov/06/2006 05:40:54
220757,2008.GOP.NOM.SANFORD,Mark Sanford to be the Republican Presidential Nominee in 2008,1,0.4,Nov/06/2006 05:41:40
220757,2008.GOP.NOM.SANFORD,Mark Sanford to be the Republican Presidential Nominee in 2008,5,0.1,Nov/06/2006 12:16:43
220757,2008.GOP.NOM.SANFORD,Mark Sanford to be the Republican Presidential Nominee in 2008,2,0.1,Nov/06/2006 13:47:51
220757,2008.GOP.NOM.SANFORD,Mark Sanford to be the Republican Presidential Nominee in 2008,5,0.1,Nov/06/2006 16:45:42
220757,2008.GOP.NOM.SANFORD,Mark Sanford to be the Republican Presidential Nominee in 2008,1,0.4,Nov/07/2006 04:34:27
220757,2008.GOP.NOM.SANFORD,Mark Sanford to be the Republican Presidential Nominee in 2008,5,0.1,Nov/07/2006 06:01:36
220757,2008.GOP.NOM.SANFORD,Mark Sanford to be the Republican Presidential Nominee in 2008,1,0.2,Nov/07/2006 06:01:36
220757,2008.GOP.NOM.SANFORD,Mark Sanford to be the Republican Presidential Nominee in 2008,7,0.1,Nov/07/2006 10:39:17
220757,2008.GOP.NOM.SANFORD,Mark Sanford to be the Republican Presidential Nominee in 2008,10,0.1,Nov/07/2006 16:02:38
220757,2008.GOP.NOM.SANFORD,Mark Sanford to be the Republican Presidential Nominee in 2008,10,0.1,Nov/07/2006 17:11:03
220757,2008.GOP.NOM.SANFORD,Mark Sanford to be the Republican Presidential Nominee in 2008,1,0.4,Nov/07/2006 18:42:05
220757,2008.GOP.NOM.SANFORD,Mark Sanford to be the Republican Presidential Nominee in 2008,1,0.2,Nov/07/2006 20:33:16
220757,2008.GOP.NOM.SANFORD,Mark Sanford to be the Republican Presidential Nominee in 2008,4,0.1,Nov/07/2006 20:33:16
220757,2008.GOP.NOM.SANFORD,Mark Sanford to be the Republican Presidential Nominee in 2008,8,0.1,Nov/07/2006 20:36:23
220757,2008.GOP.NOM.SANFORD,Mark Sanford to be the Republican Presidential Nominee in 2008,15,0.1,Nov/07/2006 20:36:36
220757,2008.GOP.NOM.SANFORD,Mark Sanford to be the Republican Presidential Nominee in 2008,15,0.1,Nov/07/2006 20:36:49
220757,2008.GOP.NOM.SANFORD,Mark Sanford to be the Republican Presidential Nominee in 2008,23,0.1,Nov/07/2006 20:56:12
220757,2008.GOP.NOM.SANFORD,Mark Sanford to be the Republican Presidential Nominee in 2008,1,0.4,Nov/07/2006 21:12:01
220757,2008.GOP.NOM.SANFORD,Mark Sanford to be the Republican Presidential Nominee in 2008,1,0.4,Nov/07/2006 21:13:15
220757,2008.GOP.NOM.SANFORD,Mark Sanford to be the Republican Presidential Nominee in 2008,7,0.1,Nov/08/2006 05:31:47
220757,2008.GOP.NOM.SANFORD,Mark Sanford to be the Republican Presidential Nominee in 2008,6,0.1,Nov/08/2006 06:01:54
220757,2008.GOP.NOM.SANFORD,Mark Sanford to be the Republican Presidential Nominee in 2008,23,0.1,Nov/08/2006 08:43:36
220757,2008.GOP.NOM.SANFORD,Mark Sanford to be the Republican Presidential Nominee in 2008,5,0.1,Nov/08/2006 16:46:07
220757,2008.GOP.NOM.SANFORD,Mark Sanford to be the Republican Presidential Nominee in 2008,59,0.1,Nov/08/2006 18:14:46
220757,2008.GOP.NOM.SANFORD,Mark Sanford to be the Republican Presidential Nominee in 2008,28,0.1,Nov/08/2006 20:15:49
220757,2008.GOP.NOM.SANFORD,Mark Sanford to be the Republican Presidential Nominee in 2008,32,0.1,Nov/09/2006 06:20:35
220757,2008.GOP.NOM.SANFORD,Mark Sanford to be the Republican Presidential Nominee in 2008,68,0.1,Nov/09/2006 06:20:35
220757,2008.GOP.NOM.SANFORD,Mark Sanford to be the Republican Presidential Nominee in 2008,13,0.1,Nov/09/2006 06:25:33
220757,2008.GOP.NOM.SANFORD,Mark Sanford to be the Republican Presidential Nominee in 2008,19,0.1,Nov/09/2006 10:10:17
220757,2008.GOP.NOM.SANFORD,Mark Sanford to be the Republican Presidential Nominee in 2008,13,0.1,Nov/09/2006 10:10:17
220757,2008.GOP.NOM.SANFORD,Mark Sanford to be the Republican Presidential Nominee in 2008,1,0.1,Nov/09/2006 11:41:53
220757,2008.GOP.NOM.SANFORD,Mark Sanford to be the Republican Presidential Nominee in 2008,5,0.1,Nov/09/2006 11:52:05
220757,2008.GOP.NOM.SANFORD,Mark Sanford to be the Republican Presidential Nominee in 2008,66,0.1,Nov/09/2006 16:55:12
220757,2008.GOP.NOM.SANFORD,Mark Sanford to be the Republican Presidential Nominee in 2008,54,0.1,Nov/09/2006 18:34:43
220757,2008.GOP.NOM.SANFORD,Mark Sanford to be the Republican Presidential Nominee in 2008,100,0.1,Nov/10/2006 19:22:25
220757,2008.GOP.NOM.SANFORD,Mark Sanford to be the Republican Presidential Nominee in 2008,11,0.1,Nov/10/2006 19:22:48
220757,2008.GOP.NOM.SANFORD,Mark Sanford to be the Republican Presidential Nominee in 2008,20,0.1,Nov/11/2006 00:36:01
220757,2008.GOP.NOM.SANFORD,Mark Sanford to be the Republican Presidential Nominee in 2008,24,0.1,Nov/11/2006 15:29:22
220757,2008.GOP.NOM.SANFORD,Mark Sanford to be the Republican Presidential Nominee in 2008,19,0.1,Nov/11/2006 15:29:22
220757,2008.GOP.NOM.SANFORD,Mark Sanford to be the Republican Presidential Nominee in 2008,65,0.2,Nov/12/2006 06:51:25
220757,2008.GOP.NOM.SANFORD,Mark Sanford to be the Republican Presidential Nominee in 2008,56,0.1,Nov/12/2006 12:03:27
220757,2008.GOP.NOM.SANFORD,Mark Sanford to be the Republican Presidential Nominee in 2008,36,0.1,Nov/13/2006 11:46:52
220757,2008.GOP.NOM.SANFORD,Mark Sanford to be the Republican Presidential Nominee in 2008,31,0.1,Nov/14/2006 08:49:21
220757,2008.GOP.NOM.SANFORD,Mark Sanford to be the Republican Presidential Nominee in 2008,42,0.1,Nov/14/2006 14:50:15
220757,2008.GOP.NOM.SANFORD,Mark Sanford to be the Republican Presidential Nominee in 2008,1,0.2,Nov/14/2006 23:08:15
220757,2008.GOP.NOM.SANFORD,Mark Sanford to be the Republican Presidential Nominee in 2008,74,0.1,Nov/15/2006 05:50:18
220757,2008.GOP.NOM.SANFORD,Mark Sanford to be the Republican Presidential Nominee in 2008,50,0.1,Nov/15/2006 13:50:12
220757,2008.GOP.NOM.SANFORD,Mark Sanford to be the Republican Presidential Nominee in 2008,36,0.1,Nov/15/2006 20:41:51
220757,2008.GOP.NOM.SANFORD,Mark Sanford to be the Republican Presidential Nominee in 2008,1,0.2,Nov/16/2006 04:12:48
220757,2008.GOP.NOM.SANFORD,Mark Sanford to be the Republican Presidential Nominee in 2008,1,0.1,Nov/16/2006 11:16:57
220757,2008.GOP.NOM.SANFORD,Mark Sanford to be the Republican Presidential Nominee in 2008,1,0.1,Nov/16/2006 11:17:16
220757,2008.GOP.NOM.SANFORD,Mark Sanford to be the Republican Presidential Nominee in 2008,3,0.1,Nov/16/2006 11:17:40
220757,2008.GOP.NOM.SANFORD,Mark Sanford to be the Republican Presidential Nominee in 2008,6,0.1,Nov/16/2006 11:17:53
220757,2008.GOP.NOM.SANFORD,Mark Sanford to be the Republican Presidential Nominee in 2008,5,0.1,Nov/16/2006 11:18:18
220757,2008.GOP.NOM.SANFORD,Mark Sanford to be the Republican Presidential Nominee in 2008,6,0.1,Nov/16/2006 14:59:33
220757,2008.GOP.NOM.SANFORD,Mark Sanford to be the Republican Presidential Nominee in 2008,1,0.2,Nov/17/2006 05:41:00
220757,2008.GOP.NOM.SANFORD,Mark Sanford to be the Republican Presidential Nominee in 2008,1,0.2,Nov/17/2006 18:35:35
220757,2008.GOP.NOM.SANFORD,Mark Sanford to be the Republican Presidential Nominee in 2008,2,0.1,Nov/18/2006 11:40:44
220757,2008.GOP.NOM.SANFORD,Mark Sanford to be the Republican Presidential Nominee in 2008,1,0.2,Nov/18/2006 14:39:48
220757,2008.GOP.NOM.SANFORD,Mark Sanford to be the Republican Presidential Nominee in 2008,52,0.1,Nov/18/2006 17:26:27
220757,2008.GOP.NOM.SANFORD,Mark Sanford to be the Republican Presidential Nominee in 2008,1,0.2,Nov/18/2006 20:30:04
220757,2008.GOP.NOM.SANFORD,Mark Sanford to be the Republican Presidential Nominee in 2008,10,0.1,Nov/19/2006 02:13:29
220757,2008.GOP.NOM.SANFORD,Mark Sanford to be the Republican Presidential Nominee in 2008,51,0.1,Nov/19/2006 02:13:29
220757,2008.GOP.NOM.SANFORD,Mark Sanford to be the Republican Presidential Nominee in 2008,1,0.2,Nov/19/2006 02:32:30
220757,2008.GOP.NOM.SANFORD,Mark Sanford to be the Republican Presidential Nominee in 2008,11,0.1,Nov/19/2006 20:13:37
220757,2008.GOP.NOM.SANFORD,Mark Sanford to be the Republican Presidential Nominee in 2008,1,0.2,Nov/20/2006 14:55:58
220757,2008.GOP.NOM.SANFORD,Mark Sanford to be the Republican Presidential Nominee in 2008,49,0.1,Nov/21/2006 09:17:05
220757,2008.GOP.NOM.SANFORD,Mark Sanford to be the Republican Presidential Nominee in 2008,1,0.2,Nov/21/2006 12:43:36
220757,2008.GOP.NOM.SANFORD,Mark Sanford to be the Republican Presidential Nominee in 2008,5,0.1,Nov/22/2006 06:07:07
220757,2008.GOP.NOM.SANFORD,Mark Sanford to be the Republican Presidential Nominee in 2008,3,0.1,Nov/22/2006 12:53:03
220757,2008.GOP.NOM.SANFORD,Mark Sanford to be the Republican Presidential Nominee in 2008,1,0.2,Nov/22/2006 12:55:10
220757,2008.GOP.NOM.SANFORD,Mark Sanford to be the Republican Presidential Nominee in 2008,1,0.1,Nov/22/2006 20:12:47
220757,2008.GOP.NOM.SANFORD,Mark Sanford to be the Republican Presidential Nominee in 2008,9,0.1,Nov/23/2006 06:04:45
220757,2008.GOP.NOM.SANFORD,Mark Sanford to be the Republican Presidential Nominee in 2008,25,0.1,Nov/24/2006 05:48:47
220757,2008.GOP.NOM.SANFORD,Mark Sanford to be the Republican Presidential Nominee in 2008,1,0.3,Nov/24/2006 23:26:22
220757,2008.GOP.NOM.SANFORD,Mark Sanford to be the Republican Presidential Nominee in 2008,1,0.2,Nov/25/2006 00:53:00
220757,2008.GOP.NOM.SANFORD,Mark Sanford to be the Republican Presidential Nominee in 2008,28,0.1,Nov/25/2006 00:53:00
220757,2008.GOP.NOM.SANFORD,Mark Sanford to be the Republican Presidential Nominee in 2008,1,0.3,Nov/25/2006 03:40:38
220757,2008.GOP.NOM.SANFORD,Mark Sanford to be the Republican Presidential Nominee in 2008,1,0.3,Nov/26/2006 12:14:56
220757,2008.GOP.NOM.SANFORD,Mark Sanford to be the Republican Presidential Nominee in 2008,1,0.2,Nov/26/2006 14:50:39
220757,2008.GOP.NOM.SANFORD,Mark Sanford to be the Republican Presidential Nominee in 2008,16,0.1,Nov/26/2006 14:50:39
220757,2008.GOP.NOM.SANFORD,Mark Sanford to be the Republican Presidential Nominee in 2008,1,0.3,Nov/26/2006 16:53:35
220757,2008.GOP.NOM.SANFORD,Mark Sanford to be the Republican Presidential Nominee in 2008,24,0.1,Nov/27/2006 05:58:19
220757,2008.GOP.NOM.SANFORD,Mark Sanford to be the Republican Presidential Nominee in 2008,1,0.2,Nov/27/2006 13:03:37
220757,2008.GOP.NOM.SANFORD,Mark Sanford to be the Republican Presidential Nominee in 2008,16,0.1,Nov/28/2006 05:48:37
220757,2008.GOP.NOM.SANFORD,Mark Sanford to be the Republican Presidential Nominee in 2008,42,0.1,Nov/29/2006 05:58:39
220757,2008.GOP.NOM.SANFORD,Mark Sanford to be the Republican Presidential Nominee in 2008,5,0.1,Nov/30/2006 05:52:30
220757,2008.GOP.NOM.SANFORD,Mark Sanford to be the Republican Presidential Nominee in 2008,5,0.1,Nov/30/2006 10:03:13
220757,2008.GOP.NOM.SANFORD,Mark Sanford to be the Republican Presidential Nominee in 2008,1,0.3,Nov/30/2006 18:10:54
220757,2008.GOP.NOM.SANFORD,Mark Sanford to be the Republican Presidential Nominee in 2008,69,0.1,Dec/01/2006 05:50:48
220757,2008.GOP.NOM.SANFORD,Mark Sanford to be the Republican Presidential Nominee in 2008,12,0.1,Dec/01/2006 14:01:47
220757,2008.GOP.NOM.SANFORD,Mark Sanford to be the Republican Presidential Nominee in 2008,37,0.1,Dec/01/2006 14:01:47
220757,2008.GOP.NOM.SANFORD,Mark Sanford to be the Republican Presidential Nominee in 2008,49,0.1,Dec/01/2006 14:32:54
220757,2008.GOP.NOM.SANFORD,Mark Sanford to be the Republican Presidential Nominee in 2008,1,0.3,Dec/02/2006 00:40:05
220757,2008.GOP.NOM.SANFORD,Mark Sanford to be the Republican Presidential Nominee in 2008,7,0.2,Dec/02/2006 12:24:57
220757,2008.GOP.NOM.SANFORD,Mark Sanford to be the Republican Presidential Nominee in 2008,1,0.3,Dec/04/2006 01:05:13
220757,2008.GOP.NOM.SANFORD,Mark Sanford to be the Republican Presidential Nominee in 2008,6,0.1,Dec/04/2006 06:00:21
220757,2008.GOP.NOM.SANFORD,Mark Sanford to be the Republican Presidential Nominee in 2008,93,0.2,Dec/04/2006 06:00:21
220757,2008.GOP.NOM.SANFORD,Mark Sanford to be the Republican Presidential Nominee in 2008,1,0.2,Dec/04/2006 06:00:21
220757,2008.GOP.NOM.SANFORD,Mark Sanford to be the Republican Presidential Nominee in 2008,9,0.1,Dec/04/2006 06:00:55
220757,2008.GOP.NOM.SANFORD,Mark Sanford to be the Republican Presidential Nominee in 2008,45,0.1,Dec/04/2006 13:38:30
220757,2008.GOP.NOM.SANFORD,Mark Sanford to be the Republican Presidential Nominee in 2008,5,0.1,Dec/05/2006 06:08:53
220757,2008.GOP.NOM.SANFORD,Mark Sanford to be the Republican Presidential Nominee in 2008,1,0.1,Dec/05/2006 13:46:24
220757,2008.GOP.NOM.SANFORD,Mark Sanford to be the Republican Presidential Nominee in 2008,3,0.1,Dec/05/2006 15:00:59
220757,2008.GOP.NOM.SANFORD,Mark Sanford to be the Republican Presidential Nominee in 2008,14,0.1,Dec/06/2006 06:46:55
220757,2008.GOP.NOM.SANFORD,Mark Sanford to be the Republican Presidential Nominee in 2008,86,0.1,Dec/06/2006 06:46:55
220757,2008.GOP.NOM.SANFORD,Mark Sanford to be the Republican Presidential Nominee in 2008,4,0.1,Dec/06/2006 06:47:03
220757,2008.GOP.NOM.SANFORD,Mark Sanford to be the Republican Presidential Nominee in 2008,9,0.1,Dec/06/2006 12:04:59
220757,2008.GOP.NOM.SANFORD,Mark Sanford to be the Republican Presidential Nominee in 2008,30,0.1,Dec/07/2006 06:09:35
220757,2008.GOP.NOM.SANFORD,Mark Sanford to be the Republican Presidential Nominee in 2008,8,0.1,Dec/07/2006 16:59:57
220757,2008.GOP.NOM.SANFORD,Mark Sanford to be the Republican Presidential Nominee in 2008,11,0.1,Dec/08/2006 06:14:07
220757,2008.GOP.NOM.SANFORD,Mark Sanford to be the Republican Presidential Nominee in 2008,2,0.1,Dec/10/2006 10:30:25
220757,2008.GOP.NOM.SANFORD,Mark Sanford to be the Republican Presidential Nominee in 2008,1,0.1,Dec/11/2006 06:01:21
220757,2008.GOP.NOM.SANFORD,Mark Sanford to be the Republican Presidential Nominee in 2008,3,0.1,Dec/12/2006 05:47:52
220757,2008.GOP.NOM.SANFORD,Mark Sanford to be the Republican Presidential Nominee in 2008,7,0.1,Dec/13/2006 05:59:29
220757,2008.GOP.NOM.SANFORD,Mark Sanford to be the Republican Presidential Nominee in 2008,29,0.1,Dec/14/2006 05:20:48
220757,2008.GOP.NOM.SANFORD,Mark Sanford to be the Republican Presidential Nominee in 2008,10,0.1,Dec/14/2006 12:47:30
220757,2008.GOP.NOM.SANFORD,Mark Sanford to be the Republican Presidential Nominee in 2008,60,0.1,Dec/14/2006 18:05:42
220757,2008.GOP.NOM.SANFORD,Mark Sanford to be the Republican Presidential Nominee in 2008,5,0.1,Dec/15/2006 05:55:30
220757,2008.GOP.NOM.SANFORD,Mark Sanford to be the Republican Presidential Nominee in 2008,7,0.1,Dec/18/2006 05:52:15
220757,2008.GOP.NOM.SANFORD,Mark Sanford to be the Republican Presidential Nominee in 2008,75,0.1,Dec/18/2006 05:52:15
220757,2008.GOP.NOM.SANFORD,Mark Sanford to be the Republican Presidential Nominee in 2008,10,0.1,Dec/18/2006 11:11:56
220757,2008.GOP.NOM.SANFORD,Mark Sanford to be the Republican Presidential Nominee in 2008,1139,0.1,Dec/20/2006 12:35:40
220757,2008.GOP.NOM.SANFORD,Mark Sanford to be the Republican Presidential Nominee in 2008,361,0.1,Dec/20/2006 17:46:41
220757,2008.GOP.NOM.SANFORD,Mark Sanford to be the Republican Presidential Nominee in 2008,200,0.1,Dec/20/2006 17:46:41
220757,2008.GOP.NOM.SANFORD,Mark Sanford to be the Republican Presidential Nominee in 2008,100,0.1,Dec/20/2006 17:46:41
220757,2008.GOP.NOM.SANFORD,Mark Sanford to be the Republican Presidential Nominee in 2008,34,0.1,Dec/20/2006 17:46:41
220757,2008.GOP.NOM.SANFORD,Mark Sanford to be the Republican Presidential Nominee in 2008,59,0.1,Dec/20/2006 17:46:41
220757,2008.GOP.NOM.SANFORD,Mark Sanford to be the Republican Presidential Nominee in 2008,67,0.1,Dec/20/2006 17:46:41
220757,2008.GOP.NOM.SANFORD,Mark Sanford to be the Republican Presidential Nominee in 2008,60,0.1,Dec/21/2006 06:02:45
220757,2008.GOP.NOM.SANFORD,Mark Sanford to be the Republican Presidential Nominee in 2008,20,0.1,Dec/21/2006 19:26:42
220757,2008.GOP.NOM.SANFORD,Mark Sanford to be the Republican Presidential Nominee in 2008,11,0.1,Dec/21/2006 19:26:42
220757,2008.GOP.NOM.SANFORD,Mark Sanford to be the Republican Presidential Nominee in 2008,15,0.2,Dec/21/2006 23:36:31
220757,2008.GOP.NOM.SANFORD,Mark Sanford to be the Republican Presidential Nominee in 2008,3,0.2,Dec/21/2006 23:36:31
220757,2008.GOP.NOM.SANFORD,Mark Sanford to be the Republican Presidential Nominee in 2008,32,0.2,Dec/21/2006 23:36:31
220757,2008.GOP.NOM.SANFORD,Mark Sanford to be the Republican Presidential Nominee in 2008,58,0.1,Dec/22/2006 11:37:53
220757,2008.GOP.NOM.SANFORD,Mark Sanford to be the Republican Presidential Nominee in 2008,35,0.1,Dec/22/2006 16:04:51
220757,2008.GOP.NOM.SANFORD,Mark Sanford to be the Republican Presidential Nominee in 2008,8,0.2,Dec/24/2006 20:51:41
220757,2008.GOP.NOM.SANFORD,Mark Sanford to be the Republican Presidential Nominee in 2008,1,0.1,Dec/27/2006 08:34:35
220757,2008.GOP.NOM.SANFORD,Mark Sanford to be the Republican Presidential Nominee in 2008,16,0.1,Dec/27/2006 17:48:23
220757,2008.GOP.NOM.SANFORD,Mark Sanford to be the Republican Presidential Nominee in 2008,1,0.2,Dec/27/2006 22:16:26
220757,2008.GOP.NOM.SANFORD,Mark Sanford to be the Republican Presidential Nominee in 2008,1,0.1,Dec/31/2006 12:18:07
220757,2008.GOP.NOM.SANFORD,Mark Sanford to be the Republican Presidential Nominee in 2008,3,0.1,Jan/01/2007 11:07:19
220757,2008.GOP.NOM.SANFORD,Mark Sanford to be the Republican Presidential Nominee in 2008,1,0.1,Jan/01/2007 17:55:20
220757,2008.GOP.NOM.SANFORD,Mark Sanford to be the Republican Presidential Nominee in 2008,1,0.1,Jan/01/2007 20:14:04
220757,2008.GOP.NOM.SANFORD,Mark Sanford to be the Republican Presidential Nominee in 2008,3,0.1,Jan/03/2007 01:33:19
220757,2008.GOP.NOM.SANFORD,Mark Sanford to be the Republican Presidential Nominee in 2008,1,0.1,Jan/03/2007 05:54:26
220757,2008.GOP.NOM.SANFORD,Mark Sanford to be the Republican Presidential Nominee in 2008,1,0.1,Jan/03/2007 09:16:30
220757,2008.GOP.NOM.SANFORD,Mark Sanford to be the Republican Presidential Nominee in 2008,59,0.2,Jan/03/2007 22:07:55
220757,2008.GOP.NOM.SANFORD,Mark Sanford to be the Republican Presidential Nominee in 2008,41,0.2,Jan/03/2007 22:07:55
220757,2008.GOP.NOM.SANFORD,Mark Sanford to be the Republican Presidential Nominee in 2008,5,0.1,Jan/09/2007 05:48:52
220757,2008.GOP.NOM.SANFORD,Mark Sanford to be the Republican Presidential Nominee in 2008,30,0.2,Jan/15/2007 19:27:43
220757,2008.GOP.NOM.SANFORD,Mark Sanford to be the Republican Presidential Nominee in 2008,2,0.2,Jan/15/2007 19:27:43
220757,2008.GOP.NOM.SANFORD,Mark Sanford to be the Republican Presidential Nominee in 2008,8,0.4,Jan/15/2007 19:27:58
220757,2008.GOP.NOM.SANFORD,Mark Sanford to be the Republican Presidential Nominee in 2008,33,0.4,Jan/15/2007 19:27:58
220757,2008.GOP.NOM.SANFORD,Mark Sanford to be the Republican Presidential Nominee in 2008,50,0.5,Jan/15/2007 19:28:21
220757,2008.GOP.NOM.SANFORD,Mark Sanford to be the Republican Presidential Nominee in 2008,1,0.2,Jan/16/2007 17:18:11
220757,2008.GOP.NOM.SANFORD,Mark Sanford to be the Republican Presidential Nominee in 2008,1,0.2,Jan/16/2007 21:57:12
220757,2008.GOP.NOM.SANFORD,Mark Sanford to be the Republican Presidential Nominee in 2008,1,0.1,Jan/16/2007 21:57:12
220757,2008.GOP.NOM.SANFORD,Mark Sanford to be the Republican Presidential Nominee in 2008,1,0.1,Jan/17/2007 05:47:58
220757,2008.GOP.NOM.SANFORD,Mark Sanford to be the Republican Presidential Nominee in 2008,1,0.2,Jan/18/2007 06:03:43
220757,2008.GOP.NOM.SANFORD,Mark Sanford to be the Republican Presidential Nominee in 2008,1,0.1,Jan/18/2007 06:03:43
220757,2008.GOP.NOM.SANFORD,Mark Sanford to be the Republican Presidential Nominee in 2008,20,0.1,Jan/19/2007 06:10:59
220757,2008.GOP.NOM.SANFORD,Mark Sanford to be the Republican Presidential Nominee in 2008,10,0.1,Jan/22/2007 15:04:13
220757,2008.GOP.NOM.SANFORD,Mark Sanford to be the Republican Presidential Nominee in 2008,2,0.1,Jan/23/2007 06:12:42
220757,2008.GOP.NOM.SANFORD,Mark Sanford to be the Republican Presidential Nominee in 2008,2,0.1,Jan/23/2007 18:05:42
220757,2008.GOP.NOM.SANFORD,Mark Sanford to be the Republican Presidential Nominee in 2008,20,0.1,Jan/23/2007 21:18:40
220757,2008.GOP.NOM.SANFORD,Mark Sanford to be the Republican Presidential Nominee in 2008,6,0.1,Jan/24/2007 07:39:58
220757,2008.GOP.NOM.SANFORD,Mark Sanford to be the Republican Presidential Nominee in 2008,1,0.1,Jan/24/2007 07:47:27
220757,2008.GOP.NOM.SANFORD,Mark Sanford to be the Republican Presidential Nominee in 2008,8,0.1,Jan/24/2007 16:30:10
220757,2008.GOP.NOM.SANFORD,Mark Sanford to be the Republican Presidential Nominee in 2008,2,0.1,Jan/24/2007 17:00:41
220757,2008.GOP.NOM.SANFORD,Mark Sanford to be the Republican Presidential Nominee in 2008,3,0.1,Jan/25/2007 06:03:23
220757,2008.GOP.NOM.SANFORD,Mark Sanford to be the Republican Presidential Nominee in 2008,1,0.3,Jan/26/2007 02:44:09
220757,2008.GOP.NOM.SANFORD,Mark Sanford to be the Republican Presidential Nominee in 2008,1,0.3,Jan/26/2007 02:44:09
220757,2008.GOP.NOM.SANFORD,Mark Sanford to be the Republican Presidential Nominee in 2008,48,0.3,Jan/26/2007 02:44:09
220757,2008.GOP.NOM.SANFORD,Mark Sanford to be the Republican Presidential Nominee in 2008,2,0.1,Jan/26/2007 06:00:02
220757,2008.GOP.NOM.SANFORD,Mark Sanford to be the Republican Presidential Nominee in 2008,1,0.2,Jan/26/2007 06:00:02
220757,2008.GOP.NOM.SANFORD,Mark Sanford to be the Republican Presidential Nominee in 2008,2,0.1,Jan/26/2007 18:32:59
220757,2008.GOP.NOM.SANFORD,Mark Sanford to be the Republican Presidential Nominee in 2008,14,0.1,Jan/27/2007 14:36:48
220757,2008.GOP.NOM.SANFORD,Mark Sanford to be the Republican Presidential Nominee in 2008,2,0.1,Jan/27/2007 16:15:06
220757,2008.GOP.NOM.SANFORD,Mark Sanford to be the Republican Presidential Nominee in 2008,1,0.1,Jan/28/2007 18:14:29
220757,2008.GOP.NOM.SANFORD,Mark Sanford to be the Republican Presidential Nominee in 2008,7,0.1,Jan/29/2007 20:32:22
220757,2008.GOP.NOM.SANFORD,Mark Sanford to be the Republican Presidential Nominee in 2008,1,0.1,Feb/01/2007 15:28:09
220757,2008.GOP.NOM.SANFORD,Mark Sanford to be the Republican Presidential Nominee in 2008,1,0.1,Feb/02/2007 06:02:55
220757,2008.GOP.NOM.SANFORD,Mark Sanford to be the Republican Presidential Nominee in 2008,1,0.1,Feb/04/2007 21:25:05
220757,2008.GOP.NOM.SANFORD,Mark Sanford to be the Republican Presidential Nominee in 2008,17,0.1,Feb/06/2007 06:05:18
220757,2008.GOP.NOM.SANFORD,Mark Sanford to be the Republican Presidential Nominee in 2008,1,0.1,Feb/06/2007 06:10:06
220757,2008.GOP.NOM.SANFORD,Mark Sanford to be the Republican Presidential Nominee in 2008,1,0.1,Feb/06/2007 06:10:10
220757,2008.GOP.NOM.SANFORD,Mark Sanford to be the Republican Presidential Nominee in 2008,2,0.1,Feb/06/2007 12:35:57
220757,2008.GOP.NOM.SANFORD,Mark Sanford to be the Republican Presidential Nominee in 2008,4,0.1,Feb/06/2007 13:22:02
220757,2008.GOP.NOM.SANFORD,Mark Sanford to be the Republican Presidential Nominee in 2008,22,0.1,Feb/07/2007 06:00:11
220757,2008.GOP.NOM.SANFORD,Mark Sanford to be the Republican Presidential Nominee in 2008,6,0.1,Feb/08/2007 06:02:58
220757,2008.GOP.NOM.SANFORD,Mark Sanford to be the Republican Presidential Nominee in 2008,6,0.1,Feb/08/2007 06:02:58
220757,2008.GOP.NOM.SANFORD,Mark Sanford to be the Republican Presidential Nominee in 2008,1,0.1,Feb/08/2007 06:04:22
220757,2008.GOP.NOM.SANFORD,Mark Sanford to be the Republican Presidential Nominee in 2008,2,0.1,Feb/08/2007 06:07:04
220757,2008.GOP.NOM.SANFORD,Mark Sanford to be the Republican Presidential Nominee in 2008,5,0.1,Feb/08/2007 17:43:49
220757,2008.GOP.NOM.SANFORD,Mark Sanford to be the Republican Presidential Nominee in 2008,9,0.1,Feb/09/2007 05:13:05
220757,2008.GOP.NOM.SANFORD,Mark Sanford to be the Republican Presidential Nominee in 2008,52,0.1,Feb/14/2007 17:25:41
220757,2008.GOP.NOM.SANFORD,Mark Sanford to be the Republican Presidential Nominee in 2008,25,0.1,Feb/14/2007 17:25:41
220757,2008.GOP.NOM.SANFORD,Mark Sanford to be the Republican Presidential Nominee in 2008,29,0.1,Feb/14/2007 17:25:41
220757,2008.GOP.NOM.SANFORD,Mark Sanford to be the Republican Presidential Nominee in 2008,5,0.1,Feb/14/2007 17:25:41
220757,2008.GOP.NOM.SANFORD,Mark Sanford to be the Republican Presidential Nominee in 2008,1,0.1,Feb/14/2007 17:25:41
220757,2008.GOP.NOM.SANFORD,Mark Sanford to be the Republican Presidential Nominee in 2008,1,0.1,Feb/14/2007 17:25:41
220757,2008.GOP.NOM.SANFORD,Mark Sanford to be the Republican Presidential Nominee in 2008,2,0.1,Feb/14/2007 17:25:41
220757,2008.GOP.NOM.SANFORD,Mark Sanford to be the Republican Presidential Nominee in 2008,10,0.1,Feb/14/2007 17:25:41
220757,2008.GOP.NOM.SANFORD,Mark Sanford to be the Republican Presidential Nominee in 2008,10,0.1,Feb/14/2007 17:25:41
220757,2008.GOP.NOM.SANFORD,Mark Sanford to be the Republican Presidential Nominee in 2008,6,0.1,Feb/14/2007 17:25:41
220757,2008.GOP.NOM.SANFORD,Mark Sanford to be the Republican Presidential Nominee in 2008,53,1.3,Mar/01/2007 09:41:39
220757,2008.GOP.NOM.SANFORD,Mark Sanford to be the Republican Presidential Nominee in 2008,200,0.1,Mar/01/2007 09:43:48
220757,2008.GOP.NOM.SANFORD,Mark Sanford to be the Republican Presidential Nominee in 2008,2,1.2,Mar/01/2007 09:44:38
220757,2008.GOP.NOM.SANFORD,Mark Sanford to be the Republican Presidential Nominee in 2008,78,0.4,Mar/01/2007 09:44:44
220757,2008.GOP.NOM.SANFORD,Mark Sanford to be the Republican Presidential Nominee in 2008,50,0.1,Mar/01/2007 09:44:53
220757,2008.GOP.NOM.SANFORD,Mark Sanford to be the Republican Presidential Nominee in 2008,100,0.2,Mar/01/2007 09:45:11
220757,2008.GOP.NOM.SANFORD,Mark Sanford to be the Republican Presidential Nominee in 2008,100,0.3,Mar/01/2007 09:46:32
220757,2008.GOP.NOM.SANFORD,Mark Sanford to be the Republican Presidential Nominee in 2008,105,1.8,Mar/01/2007 09:47:30
220757,2008.GOP.NOM.SANFORD,Mark Sanford to be the Republican Presidential Nominee in 2008,20,0.1,Mar/01/2007 09:47:57
220757,2008.GOP.NOM.SANFORD,Mark Sanford to be the Republican Presidential Nominee in 2008,990,0.1,Mar/01/2007 09:48:18
220757,2008.GOP.NOM.SANFORD,Mark Sanford to be the Republican Presidential Nominee in 2008,93,0.1,Mar/01/2007 09:48:31
220757,2008.GOP.NOM.SANFORD,Mark Sanford to be the Republican Presidential Nominee in 2008,100,0.1,Mar/01/2007 09:48:42
220757,2008.GOP.NOM.SANFORD,Mark Sanford to be the Republican Presidential Nominee in 2008,231,0.3,Mar/01/2007 09:49:29
220757,2008.GOP.NOM.SANFORD,Mark Sanford to be the Republican Presidential Nominee in 2008,50,0.3,Mar/01/2007 09:49:40
220757,2008.GOP.NOM.SANFORD,Mark Sanford to be the Republican Presidential Nominee in 2008,15,1.1,Mar/01/2007 10:08:54
220757,2008.GOP.NOM.SANFORD,Mark Sanford to be the Republican Presidential Nominee in 2008,141,0.1,Mar/01/2007 10:09:00
220757,2008.GOP.NOM.SANFORD,Mark Sanford to be the Republican Presidential Nominee in 2008,1,0.1,Mar/01/2007 10:09:21
220757,2008.GOP.NOM.SANFORD,Mark Sanford to be the Republican Presidential Nominee in 2008,50,0.1,Mar/01/2007 10:09:40
220757,2008.GOP.NOM.SANFORD,Mark Sanford to be the Republican Presidential Nominee in 2008,2,0.3,Mar/01/2007 10:09:45
220757,2008.GOP.NOM.SANFORD,Mark Sanford to be the Republican Presidential Nominee in 2008,134,0.7,Mar/01/2007 10:10:39
220757,2008.GOP.NOM.SANFORD,Mark Sanford to be the Republican Presidential Nominee in 2008,1,1.5,Mar/01/2007 10:12:01
220757,2008.GOP.NOM.SANFORD,Mark Sanford to be the Republican Presidential Nominee in 2008,1,0.1,Mar/01/2007 10:12:28
220757,2008.GOP.NOM.SANFORD,Mark Sanford to be the Republican Presidential Nominee in 2008,502,0.1,Mar/01/2007 10:15:33
220757,2008.GOP.NOM.SANFORD,Mark Sanford to be the Republican Presidential Nominee in 2008,123,0.4,Mar/01/2007 10:15:50
220757,2008.GOP.NOM.SANFORD,Mark Sanford to be the Republican Presidential Nominee in 2008,1,0.1,Mar/01/2007 10:16:15
220757,2008.GOP.NOM.SANFORD,Mark Sanford to be the Republican Presidential Nominee in 2008,1,0.1,Mar/01/2007 10:17:45
220757,2008.GOP.NOM.SANFORD,Mark Sanford to be the Republican Presidential Nominee in 2008,1091,0.1,Mar/01/2007 10:18:16
220757,2008.GOP.NOM.SANFORD,Mark Sanford to be the Republican Presidential Nominee in 2008,253,0.1,Mar/01/2007 10:20:36
220757,2008.GOP.NOM.SANFORD,Mark Sanford to be the Republican Presidential Nominee in 2008,10,1.3,Mar/01/2007 10:21:16
220757,2008.GOP.NOM.SANFORD,Mark Sanford to be the Republican Presidential Nominee in 2008,16,0.7,Mar/01/2007 10:22:39
220757,2008.GOP.NOM.SANFORD,Mark Sanford to be the Republican Presidential Nominee in 2008,5148,0.1,Mar/01/2007 10:23:08
220757,2008.GOP.NOM.SANFORD,Mark Sanford to be the Republican Presidential Nominee in 2008,500,0.1,Mar/01/2007 10:23:32
220757,2008.GOP.NOM.SANFORD,Mark Sanford to be the Republican Presidential Nominee in 2008,25,0.2,Apr/04/2007 02:22:32
220757,2008.GOP.NOM.SANFORD,Mark Sanford to be the Republican Presidential Nominee in 2008,40,0.4,Apr/04/2007 02:23:00
220757,2008.GOP.NOM.SANFORD,Mark Sanford to be the Republican Presidential Nominee in 2008,100,0.7,Apr/04/2007 02:24:19
220757,2008.GOP.NOM.SANFORD,Mark Sanford to be the Republican Presidential Nominee in 2008,25,0.5,Apr/04/2007 23:20:23
220757,2008.GOP.NOM.SANFORD,Mark Sanford to be the Republican Presidential Nominee in 2008,28,0.6,Apr/05/2007 04:08:26
220757,2008.GOP.NOM.SANFORD,Mark Sanford to be the Republican Presidential Nominee in 2008,41,0.6,Apr/05/2007 17:27:41
220757,2008.GOP.NOM.SANFORD,Mark Sanford to be the Republican Presidential Nominee in 2008,81,0.6,Apr/11/2007 17:53:31
220757,2008.GOP.NOM.SANFORD,Mark Sanford to be the Republican Presidential Nominee in 2008,130,0.5,Apr/12/2007 05:18:26
220757,2008.GOP.NOM.SANFORD,Mark Sanford to be the Republican Presidential Nominee in 2008,700,0.2,Apr/12/2007 05:18:26
220757,2008.GOP.NOM.SANFORD,Mark Sanford to be the Republican Presidential Nominee in 2008,45,0.1,Apr/12/2007 05:19:40
220757,2008.GOP.NOM.SANFORD,Mark Sanford to be the Republican Presidential Nominee in 2008,45,0.1,Nov/02/2007 19:28:34
220757,2008.GOP.NOM.SANFORD,Mark Sanford to be the Republican Presidential Nominee in 2008,55,0.1,Nov/02/2007 19:28:34
